161633
529674
620137
494326
783165
901278
422747
485517
927363
66407
698656
543240
288252
653770
556553
146119
749948
483905
18326
83387
548293
929439
127948
208454
722583
747220
897557
793378
667310
720199
139234
798744
830866
378470
697187
300718
4596
914121
66813
609482
367067
612147
885170
72120
964943
460545
894674
773000
597770
131337
310908
192788
360410
842843
377307
650476
281169
246995
997897
249015
996012
720227
800421
292198
422403
341755
625178
108803
121849
86250
366830
747752
982876
133379
505908
586034
948559
381571
930040
279912
188904
10926
250814
733011
420802
680160
969692
292674
114050
885097
290976
985940
138805
640435
65992
35073
142921
500388
625730
833992
