485049
172115
476133
473231
169375
917249
47826
586486
157427
674782
942676
997224
713770
302507
94235
60381
462623
620619
702751
882038
779234
63118
633241
322770
121442
869461
540538
737616
221405
442851
992671
939748
741231
81429
925775
649614
558497
613423
516623
289836
222317
707706
188963
751993
461264
797593
551446
289241
512814
638726
862097
338652
154335
854589
696787
236693
797039
876560
757729
725683
476382
624928
279359
318743
169449
163120
587945
936732
669783
157231
761793
10197
883286
853448
166730
989626
859247
546817
878095
488385
500269
70759
575115
828931
581300
105525
412113
996602
639459
990627
34626
633726
811383
553636
790356
237430
431967
999655
975864
505902
494672
156719
935020
762958
842803
492794
646111
336047
312624
810246
961282
309058
617785
71317
539673
251399
880514
485451
183200
11200
605780
712786
146381
482504
207341
744035
97725
187354
729467
752022
25065
733252
987872
463561
441576
632984
370283
651819
185273
564209
364533
521898
627861
105221
269267
865124
398267
71903
60222
362537
948266
706886
59106
229477
259841
845077
668403
617890
905430
619370
931693
472988
994488
669326
621016
23230
858599
766265
5177
214104
837023
406842
400872
279768
539999
604008
815833
507932
439204
376849
663630
932065
94165
452527
275547
45166
310643
202460
340509
599315
162125
671440
202354
657903
769484
176170
77237
206527
926656
547633
478962
565447
602681
407991
701790
636495
305623
546680
649649
349160
768675
676182
549088
992099
967994
754785
140160
601160
292767
605467
780791
540776
140934
168710
29643
398955
522988
676896
449628
6957
302055
527885
518388
79166
500560
423739
898446
399297
607112
814968
638015
700162
522007
590895
448813
157384
231490
519750
619782
156299
