373691
819086
24871
399835
406867
630871
243908
140826
422845
297848
582267
72504
808903
678458
352180
86956
499364
269627
584448
763489
803918
997416
517646
78981
133704
679495
196413
12236
735631
624458
918642
967581
87704
247516
395071
726590
324754
181425
702924
517774
41224
662321
155857
953139
934838
292782
219053
922770
870156
155066
928722
820510
693348
908787
347834
749588
182528
966591
888003
462095
128161
558567
396064
938022
587410
37276
242843
64629
181362
610826
250421
633582
44891
949723
149815
172073
200625
922793
953997
261513
958912
191802
659698
455305
337053
442615
805056
795402
878192
509957
295661
981958
115299
653833
955857
646011
222803
222604
52762
424012
673650
462658
24385
821609
117332
701605
745853
212559
724743
211427
886957
151840
97856
896233
779617
867699
910250
540659
192680
681976
228985
819865
173714
253023
792374
89751
510579
605681
983617
618182
491366
484798
414939
472753
143181
466152
63617
882727
642453
340737
687279
600860
440168
184665
438355
224900
110902
79262
462617
367053
275661
818020
265656
674462
217786
633225
821352
749999
530145
271206
950800
580792
509604
550150
754040
669054
637071
5922
8016
657612
419714
580968
446340
586616
310231
703294
706539
929406
667640
948042
919104
16856
761273
717874
783863
804512
339827
676072
630471
260265
239190
342307
190007
568371
901172
778004
608830
256831
996567
581382
116238
658302
854184
714529
267676
413560
754498
638584
25542
478004
309921
491547
563864
793108
218436
790931
407700
561330
817442
673166
253428
885257
417447
40163
248750
572480
874919
769385
95726
357959
442859
922872
242354
13966
628281
853493
854818
498974
426073
949796
198118
831676
64985
453886
684418
881220
458225
947350
925675
164428
204922
208824
509359
272571
612760
177381
878056
946468
510433
693727
34024
414124
421674
16019
562359
906584
400131
691782
3789
351557
627267
554568
809230
185443
449985
495778
375380
807750
282459
38235
314972
143752
517237
199792
98007
885440
303719
213903
711656
467375
466972
871542
250532
193557
979447
208285
690213
343911
273601
611534
310078
673130
688663
325365
703824
889725
835302
257647
361801
360977
209246
949276
425735
140922
392925
83495
656494
502229
343008
412750
753453
622696
318625
339072
77417
385667
714385
749362
258828
379215
118289
881129
63298
160856
543345
346142
893327
912335
461124
197824
288191
479982
214896
519223
566901
418396
749855
244742
358377
5542
347026
606038
210238
622566
521296
143392
536106
856207
885188
146880
661121
463837
123776
384807
534813
762434
615127
184844
580584
153785
735630
91113
210902
193100
543517
142041
93107
989225
905940
175235
882815
149158
188754
595570
996769
632510
408704
500972
39884
322623
399688
330915
806206
20911
679945
122572
253681
148174
468386
874545
696630
347659
360551
274121
963837
592236
308815
961056
252621
478711
49823
398059
389125
652775
511308
685165
310742
605993
54471
130835
268994
8869
703068
318854
633369
130431
240470
914548
375301
745601
913002
645705
130458
933854
429977
39424
366582
297998
485046
960929
543801
516899
52490
751227
73694
898615
802071
118199
667297
547667
808850
219415
259218
865815
978669
8458
478810
128854
372550
175521
366568
829896
355133
123306
967415
635280
755566
885470
952479
234283
412619
72321
911169
578524
993729
528912
629042
628387
429003
456904
377495
222996
946167
992215
473516
541747
33316
793984
684050
5571
975585
191006
172267
454437
675624
965778
48142
527844
856660
231232
311394
751297
883771
624726
211975
721051
274703
171680
595653
495539
829971
816502
858373
704296
964525
812855
934136
780873
163022
385213
115752
563704
596569
395458
928908
765710
636459
415930
120982
184412
445468
71247
470302
158115
800222
609804
980213
761659
729018
995413
126726
282153
924069
392429
834081
354315
376589
579399
472480
909832
747162
979819
176698
87227
595726
757554
140251
382644
723403
285938
466337
396107
603026
808175
772401
496816
33669
950221
132454
212324
154477
448165
586800
322164
232104
790860
958897
361897
480975
420272
908448
740441
84370
629806
976944
569433
319728
766899
139239
203011
914775
312218
329269
119965
21683
865071
678080
253767
342936
650900
217789
411261
379057
484879
778615
214875
504190
924515
510723
488314
305617
922035
979957
977253
167882
569733
518365
12020
212245
149492
708643
571632
458085
106273
370001
220203
259083
63212
954008
152598
987667
495401
161003
411062
181211
266705
303079
40636
250868
338851
404581
64074
223478
653774
153278
589073
778488
281834
788111
567052
258849
828198
539022
446132
567066
731799
440301
227343
79603
214010
149992
649511
551471
200525
686809
888964
953721
670271
69219
979117
279798
925198
660270
854033
904495
929933
288103
121575
546519
300036
566778
300950
679699
630571
260118
506279
745846
255450
953722
845095
125309
728713
422638
146762
862922
653265
305358
350438
844381
424199
678897
916980
322111
658374
811201
85276
610990
350003
323352
402057
26092
929710
68986
115489
90006
691082
940494
656050
862653
981446
80661
356998
131174
949969
172539
145396
412024
630585
533572
573983
322897
861273
428016
164953
57682
639602
356747
124948
79902
155262
845585
250608
40697
592577
301934
213744
912055
922203
486123
809198
50049
937478
938698
486015
908068
1758
189118
457928
60397
990455
141392
813401
498005
138389
575949
804307
615193
535962
616599
206164
152286
696935
695036
297173
281250
435894
857456
419077
662041
671974
548231
837792
242769
363717
948983
225453
269223
467210
93749
935318
683557
862120
938745
942774
949819
107327
55496
664300
462817
166015
791106
282814
941354
766814
323477
277251
812644
763686
113434
796477
578916
210457
586215
974754
475962
861929
62486
5320
569015
809519
812187
365135
318865
842794
540446
848135
428838
923484
151991
206755
818716
386002
441672
35509
83134
781191
632812
225145
63060
788764
238647
197378
762330
267767
882295
357304
308327
348880
909725
49854
759142
71453
818352
9406
507021
202197
220972
15354
787069
361457
423831
837194
913787
377114
38910
273720
45236
97972
302157
763257
52282
382094
718019
583825
611689
80952
470666
515151
297935
48356
668450
959675
478238
949177
890954
82260
204562
835620
449936
477343
961026
188865
743263
386362
286404
824183
148801
799031
929941
384174
133596
942763
286124
476573
539298
538943
672282
296470
456152
820458
359230
630873
721260
33879
590749
848440
445403
520695
51126
571343
563523
290811
141331
760854
257339
268376
620047
545241
697345
465928
499684
123796
728519
941634
712712
842718
177530
895699
660202
343913
489804
141780
419802
759070
201516
124115
669056
186302
122299
875779
928622
140598
625589
565218
12754
955512
555942
568835
417947
156364
201861
446689
527845
120979
121419
808312
306104
420248
487248
630862
554583
810292
608335
977593
773851
282531
767472
171310
274710
509279
548694
974150
361172
267718
178471
564999
243304
945185
589879
746469
21352
826988
807546
6814
464983
416086
517005
820907
59034
914893
