966354
14027
366882
307203
992467
114517
23549
234956
457102
247604
820512
638056
715083
773727
84571
317199
325622
950820
973225
393602
872744
636040
396959
317738
169770
456031
587453
28650
309911
218366
858386
701198
125117
285475
53487
460894
275444
630524
201124
809139
944445
22516
234149
226785
305257
554244
778846
417962
690108
218179
107954
207419
313504
670762
574513
782907
843168
591619
65495
505498
438128
853906
696892
492564
334973
792640
316308
458631
863573
42408
253983
820551
251763
603541
30395
946594
21127
763728
108950
544151
990827
242288
880388
546730
954686
588777
802469
359642
663390
351471
697828
249461
137702
669827
706441
587627
300005
487341
27011
64004
560657
409400
663625
52438
75494
409538
749526
800705
139357
447274
332098
59499
56231
951993
245314
344255
340520
96693
709400
682129
154980
438169
388786
391319
142295
762224
65722
673565
366894
970830
390350
973971
46257
740609
22649
752867
489759
951715
776185
976486
525498
777260
610055
465234
81878
699959
669918
588289
862293
440669
530174
185150
77359
99691
38639
189468
530541
669842
390825
904992
713633
111829
4625
738800
475236
545482
789688
447600
121602
965914
472662
593223
39478
632847
741237
566744
788720
248031
352922
225959
955718
17503
769564
109940
697127
882931
250733
860775
215953
39038
441777
109956
787176
299324
874319
179092
437480
786773
35086
533067
701704
390144
76586
648917
979194
553370
751450
550492
432028
899211
265023
669456
709536
100101
887828
496075
429909
76830
871899
747894
576301
585449
933845
122380
862831
422332
261240
325799
560099
925638
606898
816377
998012
170575
226682
404279
874125
494406
528229
238230
974764
973953
977970
701419
304640
845423
188218
186644
221625
790398
266154
57509
61528
519721
674350
499182
818214
319746
580064
531185
128729
570132
568760
242955
683211
103885
937474
237161
614402
311549
84100
528121
539830
553307
774515
924318
345563
460459
491896
25530
276437
610062
468742
831853
698002
99910
49393
694587
406184
718828
620303
461291
148441
552989
765347
734619
910613
314406
113109
540114
319863
374565
436191
866689
411029
934728
173667
42929
873655
555016
479199
928077
472249
637351
180148
839774
119254
631217
129516
24102
378903
895347
250566
435278
156304
72257
503423
216984
548716
586690
985522
342254
104590
820420
492928
727446
541966
166667
214662
523513
568904
212433
869382
160236
663591
661812
205881
195215
651979
278541
76885
498099
729212
582778
257252
89360
159970
442130
901862
805557
76284
598156
616826
890032
308521
39481
874170
717487
973295
597714
964353
790160
483798
681113
37969
612672
826664
842113
843542
738389
578008
207733
289081
28270
393067
971205
572954
922197
977522
152836
527499
104320
963486
483147
396134
988854
993392
431186
764072
67191
628835
975761
552433
387046
24583
233289
57791
299629
127369
112751
566836
715963
68000
355259
760867
376645
268343
867072
293280
371020
804768
478022
599393
985988
969120
152041
647597
526403
169458
568081
267168
704590
971372
514791
56234
444641
511788
890593
71859
101104
593866
687112
664574
79133
268029
558083
842664
835204
528173
782349
386786
786948
532537
129340
290639
390324
332471
124167
527509
520041
176785
65209
639013
654477
774051
205603
640910
930460
143059
244767
242721
223302
415460
144981
304500
646511
809625
998818
379958
688890
962133
150212
393168
319694
106893
819801
886856
823622
890812
924625
150705
767552
179450
125407
788977
472058
419532
334172
940304
387070
