944189
551472
508645
667229
684794
724960
51963
994500
90846
619538
585803
531204
728633
645123
29923
827064
855801
181566
580056
393541
865337
227898
302730
662156
132740
554034
819861
20018
191758
871822
630244
919478
923836
210875
766782
566184
919920
841386
415559
369123
640997
641507
444083
785476
784133
263837
678120
343373
793563
411386
259054
806342
854578
612860
546285
592063
27129
324925
200505
42324
145212
989030
80770
806353
309497
807833
919775
898945
605827
882227
663364
325632
241757
630771
182591
461550
216052
924515
404834
567285
945133
101162
312286
334167
159242
831114
943812
793974
910941
922179
85138
204301
690346
162795
809015
446700
513943
96732
53187
329608
322793
186918
387085
599945
885581
492225
653901
81134
183648
386885
458724
10855
292192
354152
881226
801529
713474
811999
768838
987271
201974
664994
395796
654563
256414
401824
304401
966603
448687
921558
711333
379147
358606
646198
260220
599310
440791
753356
549374
149220
485215
421262
295978
652394
754674
39216
680727
188749
855166
358270
950605
954689
888189
438954
680258
47176
255911
551487
934555
815198
71197
616872
39256
875305
752627
554405
396768
546765
633703
871733
951261
756509
246369
388389
389845
321509
824883
905346
329301
460425
310434
944083
602017
408238
238721
98641
190298
680895
161036
487356
840621
402618
409378
743101
650344
173857
565708
543151
291312
548514
405830
376150
92802
119194
498653
34377
884999
553474
937509
816267
799793
396144
513796
538800
219825
988873
102908
384145
725491
328049
287946
15905
336691
353234
660249
916033
722584
13970
288050
403192
677808
358549
792049
579225
136918
631258
248486
915325
305581
758880
924084
348055
256795
2775
488469
7237
838843
603726
42437
839739
583691
54669
739419
734934
876912
493711
969154
346469
826464
338794
361564
993931
505720
991643
628870
816238
856105
147245
460072
217115
449216
424164
515078
510886
126531
363085
891094
217295
862986
560306
495385
560116
467981
801737
598919
467680
762994
373640
34696
584505
524994
877211
504011
512561
554870
961294
631878
585198
599935
740998
698458
71337
643546
41712
537626
985810
201149
858852
555569
535361
13629
196923
289262
6777
48237
933712
469597
878483
215603
504424
963617
799461
700244
147628
357037
778433
41850
743635
674545
290959
977841
348281
894719
822171
854479
865427
199200
960517
351825
541739
666488
487205
296463
335952
863998
189936
126438
42212
707781
151205
633115
4161
629640
881060
30028
454773
909025
22122
485901
531272
646858
347692
167636
994717
992682
355351
504343
572497
987800
861201
438831
947340
475227
400618
576136
402477
330711
696480
27765
160605
151370
647114
665714
936721
452286
274288
140127
456148
874733
308071
841125
428402
199686
532643
316298
819831
335442
160060
328128
419148
373769
757040
862975
250619
189123
647354
598179
259119
444326
798720
474388
364370
839428
481310
599070
728765
413623
179112
979636
237962
722522
970969
12268
625973
576975
986685
597337
315945
118176
791719
338682
978762
525765
342621
111972
430565
511611
487897
803852
659268
951728
378128
731155
936808
92747
819275
210043
682728
65925
198422
973394
693733
539078
161418
878365
179029
839125
638116
600935
216972
804467
207178
177810
791428
230889
6746
854503
310047
994818
293059
803940
197308
153223
243439
141061
897037
368039
959409
216265
543079
620546
212268
372569
210385
96751
583893
158101
423785
900024
240124
59169
285603
129408
78936
936854
980061
699591
499253
431793
162765
974739
2324
173623
149125
264887
131043
951858
895289
491516
588628
126341
416553
100233
515818
269932
532996
836001
13617
645759
748473
667201
633975
736390
983477
747662
729152
163529
612501
864061
529574
737743
264023
735670
769303
342612
991732
501434
907779
28972
272747
764060
339378
15141
153059
118150
131996
366014
681890
466915
642916
571359
987296
874541
403700
425835
999136
320862
163636
209027
803425
787838
45634
185895
816027
334134
664641
341475
701516
637780
566749
417258
422266
242749
548285
945171
429991
310726
257377
950309
561765
350125
577444
851981
294445
764613
235648
998866
462692
171469
394740
655020
255145
474757
297409
33922
826577
375508
703011
258758
428272
682346
664112
899245
760498
55108
885305
892096
616752
212171
438162
75473
712402
794714
52881
522897
996302
33171
855301
394811
241097
308803
438331
709119
323262
528788
716531
647610
652717
401320
233507
794644
479030
184205
132879
505422
454822
485122
355101
930275
983620
666435
727926
868930
497742
343070
892928
633885
617450
272603
591899
605270
482378
842476
331761
274250
622636
124563
302444
731158
540156
214363
944142
478116
395045
244167
76465
842665
577363
21432
628124
819038
702451
790385
663047
761557
530538
119679
308092
965669
41658
696171
510494
115867
761432
436114
407249
112491
315555
170644
835918
703156
706200
879057
334129
286192
8232
850676
875643
20414
665614
311522
911648
506539
33085
98900
370107
241560
329512
887350
930922
545249
549531
651941
622361
998510
224587
812074
380702
689586
334514
849707
277867
452821
89313
309715
544193
464086
180841
366948
195429
535215
33737
287100
250167
903294
429497
23491
786580
333586
456714
484777
112385
689506
881324
600797
146596
147931
575370
619239
819597
