772639
391610
598796
498165
491121
919663
50458
354810
979115
614595
960390
982637
76602
184169
70294
534330
903708
554467
9847
527352
106014
875077
948778
229787
472493
132263
820987
744681
424157
858643
972241
953120
749905
944266
980359
669525
774610
136981
37015
975425
992083
529724
175224
375099
77115
224478
928747
947648
987643
332416
699479
80003
496224
647411
932049
141143
914683
872482
896620
602121
702844
330032
912492
962024
99212
897659
878919
73231
845074
728792
183183
434066
589628
479135
830250
288476
522904
9016
232656
535964
185720
864931
502712
59643
424248
258621
736806
260579
637105
748918
243021
439515
961905
117800
900941
196102
147824
632118
452584
96150
86848
492492
616194
122664
11057
833243
862598
25819
36222
841706
960898
569072
172830
426095
266876
300682
339835
87944
446961
349948
749830
741344
803932
436017
938763
841658
210470
186526
738436
408596
466534
594446
550465
665142
2698
740227
330915
917411
346288
930806
55936
630527
299358
992493
443382
487598
787419
68438
412155
143892
538225
658013
512950
335288
495300
809560
926716
973943
833132
388647
797200
277939
899910
270575
677477
431858
642934
548549
536964
913870
228948
894324
252965
803282
649564
399147
127328
203248
580612
279064
702429
408885
73861
579875
348186
180553
888194
186129
756056
244456
120111
150284
18179
982155
594548
21857
593981
492114
555543
447329
358680
929601
108485
260210
386921
187903
322259
555551
646715
287521
346940
709389
121813
205572
598641
877863
547085
562708
137638
53193
963657
601005
512611
971990
528654
769518
514372
385936
570976
75966
40430
619378
956015
288832
740209
767822
795052
888383
940593
565298
25557
363810
74087
624147
976531
250313
199288
140028
232793
214991
272862
945962
220306
211149
588280
729461
814528
532672
545268
506767
734211
747706
855330
873055
496039
266953
895572
273664
174829
680338
973906
461754
422672
557449
863283
462390
159212
252198
746136
178645
893951
143896
680582
453810
779046
95246
544815
164715
138262
736720
421678
969590
168701
569788
346287
174091
403386
729256
910293
570970
420017
292064
899382
653264
31642
658899
936148
896105
580385
807544
538716
303104
374514
297335
781671
620150
518145
98523
713611
105583
823115
159567
53187
135952
513132
862313
853723
728522
156829
330441
738046
691475
46623
152376
178652
928971
261372
978005
740453
901250
70564
651901
28937
679340
370008
306468
370138
820829
727361
27112
169475
695969
360241
209908
767476
755093
384945
930968
208258
618429
48963
242097
432701
171571
653642
193918
380692
599032
726068
945826
47579
456144
838926
159281
634858
151888
933680
816017
736778
401212
444275
565057
512269
136541
155829
861788
392947
129621
505122
426023
239028
123248
936250
706831
235488
73692
784792
159371
637163
499001
145740
37807
478363
116400
235751
462446
280179
779321
648284
518849
807317
693305
939892
753179
501562
60367
939476
874261
887661
701577
118382
918534
8828
673409
83552
931532
715567
288497
547499
600683
561737
737932
478102
546563
529703
837775
220906
619847
957588
578182
426156
533870
901733
676206
123047
756177
196536
279600
201511
42928
534870
995644
440824
854275
146254
477851
936180
482098
39544
482678
406266
802300
789443
770771
116692
798697
83331
29155
526203
633612
371384
513627
238404
388704
466492
190839
972161
933571
216
953484
137782
447576
967406
825783
299561
965698
304430
167585
703075
61335
333347
426637
33861
504629
999100
414706
867114
129964
177200
826731
241031
138894
224560
393145
157264
807102
546146
796601
537240
500686
300564
653178
723922
703978
413531
698497
217234
466058
734360
989647
53697
975724
930496
976124
602510
88858
515381
371511
770370
936682
274680
779325
805342
521150
750172
809846
805425
669400
329383
31371
941052
472126
808174
396594
735387
570407
672572
429560
401908
551802
820579
692307
9734
30017
961019
985478
772674
203456
886517
562144
406325
817920
288933
979447
123133
572692
595919
12999
526888
83538
692822
665140
262814
540555
571549
927108
765049
779565
434635
358416
642490
428562
418215
811212
664967
150727
60006
556448
82288
487994
804222
623732
751365
870243
442114
619300
69646
231681
914922
980644
71854
882004
650131
552294
524981
211342
494675
639971
242532
679084
835939
409143
381314
914326
195360
204919
481028
888221
489862
200200
565194
55735
180209
957158
270624
528804
534413
573316
813006
382116
876042
49340
755914
363069
373667
124223
594790
10158
461694
861311
408198
277466
856439
741187
74891
371858
418942
958772
672286
864312
107267
78754
309506
655951
859403
105412
518164
852828
689165
947349
158065
110706
155554
639531
356680
754214
845669
265581
710964
88273
674190
528655
803560
703869
698086
705653
327302
439006
567045
132438
950090
816805
205729
398784
79594
371618
372107
987106
68165
937326
189665
483614
741748
341114
800551
100933
712537
903403
330703
39103
564961
192928
318365
315372
983667
710625
446500
981667
77811
122378
617690
304908
782021
779065
322148
427135
121632
23979
711670
52208
979084
601881
136516
948315
310813
134771
949293
733930
992132
277998
452731
468055
666766
735973
414137
12815
395014
406792
199448
939822
353071
467198
791669
377122
990014
296157
896568
296905
594455
664339
58054
676962
497935
384138
63497
464383
839628
310887
109852
420027
746684
55339
222035
913634
511323
912717
304773
483291
527416
193176
29309
594401
760940
532232
683296
918817
223989
604895
274968
479989
548323
45902
894527
67845
958833
263475
687676
460544
198043
782402
916171
924718
280374
698601
970740
609895
231455
49701
330349
717354
570185
676119
765482
940962
408103
279071
429411
141844
268511
844040
39290
165244
780104
730264
180508
621927
245614
344101
438898
349529
40605
786927
278143
666813
249785
932852
330720
208990
945174
507872
443417
404828
947978
14736
15593
635833
222946
918934
348398
833136
620746
64618
495096
762440
342286
750933
634487
799607
996226
514809
908074
956617
612583
166774
12766
450955
999961
556979
870962
861184
845623
284825
814648
765612
946805
142125
993884
396764
472017
72482
540467
783770
630436
700909
517924
220442
119327
725998
842926
239722
405545
996492
328531
23225
959488
78157
137308
51881
735302
668171
712215
433282
885512
788480
850418
796811
841711
517169
406006
203537
772038
131226
362419
417146
807199
304104
102513
899276
152665
188766
589012
450963
647524
547017
209067
904335
608710
446641
399146
41856
580617
101872
903612
794664
993453
154324
87688
110815
4476
410132
360247
116646
137412
708342
422178
351860
473072
192216
130406
991701
706169
308173
726444
651657
291545
962653
600749
405241
261111
420851
800077
130613
221417
16672
82206
725581
168110
251314
487262
84447
901978
750252
801234
163758
716470
901666
666974
298149
585005
892444
182144
570733
882586
197796
842000
766410
913105
931126
990108
36501
474632
87421
329605
374545
248445
407559
6358
733812
952594
468952
189495
77429
201878
388187
958039
939171
487517
921910
865184
160506
