985647
319101
674053
890510
50582
117373
267234
803974
856895
412480
553902
522698
983331
128237
784991
15428
783414
947860
878608
546000
719640
166574
324820
373823
767033
392174
317169
388593
760361
787168
35771
198206
885139
780561
459370
268113
934769
995454
29032
568485
517645
501489
372029
172272
196118
579937
706149
607180
754133
301796
565306
525643
684596
351542
823828
447496
560530
448039
432270
784183
777819
609411
394334
243324
328624
130904
274058
671366
64683
919665
447237
690434
520997
996007
257977
324857
935030
192492
876005
235956
612213
14172
733363
977490
779863
865479
957172
677120
944077
993833
545805
375882
317878
956793
546516
234654
317131
960601
881304
646705
313194
2623
7230
56701
52463
840743
246118
135793
676132
463719
998698
736137
500141
565736
850493
218177
69834
219983
514011
385516
355562
93324
822871
937471
912186
96467
552789
745314
728717
73934
379631
806440
451189
732270
252574
410130
276142
447904
680662
75485
791011
461385
928236
430390
577766
268957
974820
778656
872045
777437
387203
353337
616200
721983
307279
66929
163792
15204
770341
888665
127385
352959
881273
349785
540650
812776
491688
35136
197823
781010
2327
971679
443132
148229
88117
665937
160513
38708
782269
951393
280219
24696
865636
930566
617578
341199
390447
722044
624738
46376
842936
493731
502803
118492
78086
130686
338918
62845
676443
652269
535702
106768
136126
907786
164022
395399
200523
839690
316392
66967
545685
627578
375711
234832
968171
102410
15243
248832
371657
612050
82706
613740
414227
195526
648378
280413
308156
925117
647070
943906
526763
357173
986922
593623
840299
195910
295367
969177
131100
767591
35418
964631
330254
414840
221602
253231
939643
889396
186521
677485
117668
953740
373761
650141
483738
931737
979708
386323
471608
354351
503784
33335
55535
765499
693166
958389
944951
463689
125735
871706
645599
913816
983255
371352
123126
300194
94441
936783
184828
36041
194748
938894
212073
956617
933097
681280
590931
174697
238706
849608
689665
664955
789478
931590
35423
481018
166785
356436
290525
994367
237564
162393
536198
275789
115386
6739
891818
608008
283630
470646
726162
536148
26814
869650
875734
892509
57653
429121
745562
414495
973868
782837
959203
900574
447872
224901
191835
506187
976051
143778
959906
175677
744790
571217
352468
542477
137352
540935
823670
177349
677254
650577
648188
534951
141805
752585
597141
749556
687846
801659
871159
253263
594949
239110
807008
318079
494260
461167
92051
746180
29778
630633
364314
754898
703238
858152
558602
14612
756854
911081
148026
218406
8929
311320
183706
783772
935630
937406
430074
916671
240710
850075
913196
373983
885650
808188
809392
925171
183073
937734
518659
84199
730974
246693
71799
669372
516611
617628
541178
179174
55484
942782
583870
325952
705987
909885
867026
553860
628760
968775
511552
605089
19182
372142
453150
787767
390534
361588
61826
728679
522662
149656
234775
738969
280061
15827
176187
432747
343075
389529
804863
732113
328135
46679
997134
383770
873068
400725
850781
938717
84728
877781
391544
931381
101842
188551
596099
842444
176849
496861
93205
173474
967693
675065
385002
985310
293355
483817
97800
726381
921896
580838
135054
856705
989341
263490
913299
426958
945524
375818
99990
98165
804600
855686
636023
409513
874890
465194
418608
472532
238842
643903
219328
233071
273680
144540
858421
729685
898881
300120
222855
540798
811374
578107
358496
548754
633646
12576
701941
725027
758713
442210
717278
709466
124606
406195
700605
32319
791481
728419
925761
573452
72411
995107
62159
128456
588305
556773
757386
734149
593495
763442
899540
648191
228860
185954
288858
929608
370714
469701
162095
794702
180261
438667
219818
551854
951782
76985
297371
55520
144177
254242
509555
322663
860578
345329
544436
380052
407183
181947
694617
863893
249040
915960
697873
180826
340857
589302
881463
240743
483821
500138
965640
707336
316911
91791
622113
75446
208100
409700
257640
687134
928749
24411
249859
270738
40253
310656
494555
173012
389283
326429
864647
235659
677490
959205
23281
812114
613423
325095
520225
253989
461537
805000
937600
122058
122709
107061
860032
487902
683878
824222
720111
376293
313030
139258
584301
238144
934944
60924
766740
893633
679906
462423
148597
454524
518356
373698
186522
880904
839864
52504
595164
84880
303864
876273
276938
672190
282060
484451
291209
29446
427213
341635
177687
176093
763232
815911
606368
783064
53573
391252
210986
249253
445680
490412
240184
717445
416693
742279
123997
303121
784710
760197
256867
463452
189421
384396
598829
623431
810937
339900
248914
766538
275256
44420
273644
196291
133416
5346
940833
409726
65929
786198
521240
738353
691659
244023
651851
597002
267389
496110
70296
800117
760568
302086
920210
192859
497235
980162
244946
568738
799564
276541
363857
345222
823104
635774
812607
749802
602581
771551
709787
49584
191315
78833
327165
345543
559562
726964
171738
974274
660753
172290
598050
129415
77133
854611
86253
750383
369006
99596
80474
270196
225386
511780
209868
135999
890746
956123
314734
104625
69279
463841
279237
508710
289189
956475
361266
172517
219903
959832
103974
863570
803672
963452
570885
457261
878933
321428
735121
665273
830474
751723
633392
911581
109182
82912
133807
227384
992123
3834
769163
371078
328602
222265
930986
436429
993794
974635
877309
435939
468984
728004
306574
361288
792937
693204
663154
887925
488673
462281
423629
20702
824051
536850
390852
695718
644207
802564
401641
737205
140346
866500
159058
856352
365801
50985
284900
104510
958694
524334
509377
59076
817387
416026
867665
265456
236910
787969
823834
410669
231931
814890
37663
855190
422366
895317
887358
836646
294178
753085
95582
85325
742251
253632
660649
307214
290450
906916
543473
789565
941661
467687
277032
505896
153805
674871
582783
810944
896934
438231
564233
841226
374909
451901
55494
716002
83086
124519
140036
75286
865706
975565
398478
914931
848186
306448
72044
619129
990634
242336
823804
471102
740076
265464
763202
825663
288299
385938
924688
920408
715543
259506
407668
410057
911695
287029
237236
114658
501689
431817
324694
312285
46699
159298
117208
939573
812724
574316
770851
342775
523610
617400
140504
83219
496818
194798
221269
15749
328195
14722
407300
452170
246669
813826
985141
216219
962911
32554
592253
248904
530349
858427
444485
750105
74791
367638
424750
196308
264853
820588
161599
893719
755928
857698
94498
145474
168118
220238
298842
681095
721757
131483
910280
336331
326651
234055
811912
338013
184627
123558
972746
721963
197921
653920
475267
681459
882151
546914
136893
256901
275868
684015
758744
897628
879833
964054
787119
333534
483270
167072
957461
529755
839565
353272
921525
834031
421905
254713
159647
211155
69801
61989
232879
762086
214423
420099
86742
714641
427212
41538
66583
243593
500240
961692
467442
316408
384812
810092
497087
459663
334480
733004
187541
428635
914497
300880
498718
69859
256686
117895
365690
869596
496311
358776
990420
475290
190801
100248
475830
212447
719438
576166
404886
346168
143942
271190
742443
814388
645969
728576
666876
67324
746343
142302
749810
542254
239292
224947
879102
28532
221507
925929
398482
733770
663396
157304
87588
758453
803027
893204
110087
8194
926840
259427
883017
256448
810936
194722
335733
918665
782629
618001
435259
900713
251059
912921
76704
407969
419803
136959
985776
579365
84522
361119
688046
551594
962795
443652
33458
245721
532081
48833
855446
968138
298277
214116
311769
90492
783477
537777
502213
209754
89479
573498
214785
996645
738535
883230
895555
389945
915040
12700
585723
86937
605324
839569
96389
714455
570260
963100
269654
164103
874384
612233
998743
308563
301307
305318
215928
53181
973437
551040
338205
551073
349418
510158
688574
433083
572900
328753
409942
830890
282350
576636
811260
922626
288929
482979
176680
131197
963759
365915
35156
959589
979910
846028
600367
576791
810076
23420
97977
656639
958994
710699
226698
879257
354967
344469
688767
321972
986197
280254
135155
15414
152870
7591
560638
380973
116103
193220
165195
232183
469008
890239
927589
405610
137766
514483
727010
60003
808396
917827
282761
901675
170483
862135
308881
716919
597335
531347
310853
993078
922470
491841
167569
238912
602315
97905
613419
400863
145832
622439
788207
217981
928381
737533
338158
491382
395013
252340
328477
860140
660124
189414
481519
57997
421271
453638
223123
810804
192412
939204
637059
53927
401774
599531
827183
503385
229787
947539
498596
972141
300110
313903
914343
663739
662045
347950
829655
484697
968843
581273
88402
117790
584304
149872
303414
868282
610697
984773
633505
10028
267908
579023
481331
427843
593061
253290
196379
49487
124762
56250
865947
998228
792222
249188
820839
298775
471289
983637
226992
204600
346607
882371
85983
592702
576910
510566
459865
875217
71055
990795
89567
206534
994202
680233
11637
158974
619074
255658
829680
639435
737511
511739
375842
933751
187197
891481
766484
344365
640664
991170
707318
327711
445255
618053
107297
408038
981671
259239
31093
910375
437527
394548
701606
553717
103164
679206
385508
582421
772075
576842
592429
701737
406571
859593
328446
65112
283030
558224
730222
355341
497914
895655
671001
64293
942727
89754
415334
516351
322481
454944
206670
905136
886843
74303
202415
385789
445233
587282
410438
432845
90912
330777
381973
523402
534008
185426
196630
612300
297839
811246
393634
439103
68360
479824
695789
162388
664090
661964
732411
68604
991856
519941
890112
340772
358379
978262
800627
165423
359411
561870
21628
136269
665135
433905
406928
932087
671378
662819
872166
402642
193264
546409
253898
483556
423922
171350
302031
850890
411028
894021
161032
893347
709302
106995
9165
543885
442978
817438
824053
915694
676890
876660
41088
443386
947751
886615
898768
909082
310263
544007
585919
756831
291567
64388
778043
998932
960679
116690
539740
117319
460858
159300
668872
982651
688914
923448
979016
91371
931170
403722
294632
745889
561142
326696
29137
695225
917623
180423
607816
864010
366822
933427
895384
137003
924644
448488
796120
193191
42046
160081
515311
499269
459716
622550
746424
277198
667876
731761
529506
466034
290721
881269
314780
240372
235527
77856
931835
95849
202284
820988
60518
788308
855929
583749
488969
890102
139667
248850
48148
14157
251865
909556
140901
259085
307032
124120
198409
787692
118067
719910
901240
80452
777660
310525
674904
856139
