19690
356332
978144
284831
544267
730783
415043
413720
414258
434889
45781
808910
711474
314667
99773
604545
758047
732397
190196
855842
5720
724724
249159
545739
475598
882440
533060
493642
388733
616444
342077
694652
417272
795767
491386
365536
197715
538939
901884
442052
830781
189355
448660
535417
663812
111053
731599
322754
180980
454969
353511
58185
121828
33720
577583
50623
819800
360101
834429
11615
569501
884884
572932
252245
432047
268437
594110
609167
374626
395273
424090
736295
373527
398491
911306
236258
994309
951534
491720
441383
513598
375163
317240
202101
979206
680490
171539
868781
98508
119203
605541
77944
939562
932929
208150
910519
956329
253722
239711
739168
72386
475878
184241
502471
322345
633289
717143
187888
32199
180439
790477
322799
375693
708569
599001
142778
397625
321338
251161
578804
177778
410116
953429
318998
25654
541186
16906
461713
711027
145194
332636
179500
421483
261716
369144
567339
83214
672767
862685
691953
941625
594609
429038
93238
556691
996355
148208
974755
457968
478925
288521
634646
399829
709437
394752
884354
392431
474035
95457
524733
802134
335552
992371
321844
854465
918795
678608
250127
987492
619887
3445
705830
636120
937652
437719
381659
565919
917161
537305
522491
412738
746392
991493
623628
502406
522640
100448
938137
368753
949169
157050
132944
829957
92415
475114
629644
869478
677942
482984
400251
135777
483032
330194
165580
657671
35154
420184
603104
233857
813785
276117
975613
662304
168290
538447
995582
615447
29514
41203
216070
966031
628081
590787
277598
135205
24461
362660
896070
267976
491747
335559
294507
961855
111857
213659
871342
192075
886474
321831
173234
312950
523623
890613
503647
414998
218445
819707
959239
729553
535451
905621
651609
602940
964187
650166
992051
217992
785146
886267
599372
485814
890047
934425
950889
741673
552207
958048
968143
706158
433410
769536
244749
522240
521534
86925
240670
480554
240774
786817
465037
898840
230498
333309
618508
204201
600823
606316
177803
406125
243255
914602
189290
771947
942985
480225
698745
641471
594607
737111
326735
686613
365660
10826
685994
536105
886759
466340
374566
263235
970153
313406
90856
30393
260517
188968
133021
191934
980718
225403
466584
374745
972572
965634
766352
629311
262189
221841
119721
60368
627192
499168
490441
122272
111195
257695
11186
51422
192400
81068
116907
924467
662288
369477
99120
836598
670828
254868
846577
560880
285194
607373
118875
990078
956479
572549
249723
770735
642141
335412
639229
935676
811905
766489
346321
868222
959978
581415
126982
612510
139768
35893
854430
185614
963085
450828
568023
586854
696795
423467
188858
185021
123123
161646
459009
703434
478255
397384
33770
384598
652443
890068
156659
218542
614002
991476
52655
518974
248892
32672
564893
766494
491988
761503
255102
929928
918090
828143
514566
665358
876368
94340
256166
853703
579618
212518
378925
992475
47192
221104
418640
177835
725502
432739
451771
963704
54250
599340
299102
216039
22036
412682
616984
210686
214783
372096
315444
173949
824849
561978
973656
874832
139332
367691
828878
284179
117720
157096
463052
985365
517745
823142
361388
349291
467351
211909
20556
744449
836121
330295
742057
415017
108650
764906
922081
219574
802316
695871
230086
123931
525858
925190
17244
524533
232432
45521
182183
138430
340240
373914
254102
143023
88516
702530
536432
815028
500328
699108
954950
629677
943747
23278
100117
425912
852879
983019
778546
461909
733843
528244
91060
261118
252960
552304
640505
548197
530495
915638
556515
474471
241526
416879
321703
829063
996226
703520
560286
148810
606230
743601
724881
326998
721039
475301
907386
231802
755707
30600
739618
916854
635243
559629
912209
740326
962088
857732
629630
211834
229965
867094
544106
182002
250896
629032
272436
914589
668316
253197
615619
50553
910251
172440
334189
782218
917915
612945
723880
775666
420425
64704
492486
893717
304561
378818
795024
184783
193728
576302
691343
720028
666990
852232
513544
250851
674080
761389
590378
805168
383269
861744
770148
33350
184401
291714
682306
955330
942808
962034
621906
313641
403950
571218
267798
944850
956171
100494
610591
91668
428068
77305
560266
984781
858563
835858
309460
350157
371677
391578
872321
606172
60040
125963
229118
626057
101782
96861
413429
361318
789730
458325
229602
841979
534373
859783
933713
932045
579974
45772
984942
458821
410446
428280
258724
471639
455430
203143
310374
431642
936417
751133
903260
701504
316365
15304
441748
510258
818554
102120
206565
971593
904452
569016
60825
538478
37152
234750
957513
39303
700781
787985
241249
202084
852209
470186
65770
861496
537999
319461
692621
359489
403704
408565
207599
893225
701502
779444
208824
826977
983724
985691
970017
151552
149670
916503
509253
303834
263538
980730
254344
52967
499525
745745
777058
333664
20072
648703
972389
754343
318080
553408
757237
834994
798361
601491
829654
218250
897695
404123
554659
948506
743527
428952
953425
29331
874083
152847
683465
550635
876068
768477
200618
349219
848399
105342
893324
951652
575041
392410
322832
931371
56634
642566
582483
321506
564857
181094
306723
955026
138690
388619
770439
180781
693286
800131
402249
534659
95829
622210
289223
351490
212796
243607
695059
137324
344660
877129
902151
994106
102133
724396
510958
442022
235354
893340
751066
658146
129558
370638
475974
701001
400427
442400
316199
995224
753477
369829
754134
28985
815668
169391
128728
903954
34062
680198
93384
801944
929514
325567
712353
556939
576783
63457
91473
400970
941896
502280
853891
49302
403517
462724
66584
220428
334652
141000
799268
745370
489091
292493
216490
872457
657955
554377
423754
486446
89559
254270
392682
280399
412517
169910
613808
593970
725039
176025
110199
53792
861491
969864
758411
133374
841223
904229
136337
633025
259596
340421
721926
426933
994317
487456
33389
467583
460148
79490
255911
965827
658769
807612
165865
318808
200890
411540
5262
899145
392940
940050
97985
167407
705818
834823
149652
998405
406513
151132
911854
588880
791454
356122
437359
557205
483589
539125
176276
811143
653035
893117
43970
34777
35202
531857
390399
888857
367748
932678
110681
840499
301335
58786
168053
475633
630159
58741
486868
145130
278540
233214
808894
956035
760104
351741
560335
220270
784081
682993
425530
541864
578900
983748
361047
986891
711420
187630
298852
20510
529102
567016
446771
400675
875007
74183
332336
256800
381639
16857
859426
154913
462831
303152
520310
872424
241693
454404
815774
187702
587466
477588
867543
206683
705693
984281
489767
664894
686370
660678
411088
76560
989319
957948
515066
50057
160111
76276
601172
775889
565495
4819
521122
206878
714329
466441
183236
19067
766276
236190
188088
490054
18718
109604
567372
815785
808122
306786
882635
74751
274893
551828
821057
684468
537590
292541
805735
922688
776909
241594
442855
248159
541702
249448
645212
826900
631649
3146
332207
288170
873889
615584
790648
859829
889620
238308
941877
880046
203406
531815
937138
92042
406466
371863
728213
303028
169755
308816
64945
36882
504908
110796
721147
481160
288421
876664
877278
646462
234001
341849
629009
635804
878785
41765
169566
614341
317762
579309
867194
30748
123695
430465
916196
734084
257277
253595
480514
919620
971012
163862
284279
267354
352523
713768
958439
422883
388351
600640
531474
1625
880100
776604
677770
938635
304583
86472
807306
864078
742119
490149
771638
623157
577403
750125
89448
61727
101561
48046
311415
562220
807375
963316
386146
458223
351927
10282
534136
890239
732189
596414
646719
530490
926641
747852
13561
833917
645063
956464
904580
40449
878599
254559
351291
275181
576735
221454
945127
198680
819901
865889
315697
781708
653328
601968
95080
483261
123873
654947
972474
826999
26074
897624
203220
294712
391659
532441
229594
940164
39217
357037
62929
914094
159224
230216
184454
371304
557892
706071
693366
881801
907602
476080
83457
149437
705722
2016
337301
48518
806163
794548
89719
187172
356725
1864
496219
10706
643236
335139
760761
382797
355727
43028
253580
935641
887409
277081
734849
363844
490089
337931
976102
62546
21511
953587
668401
632024
19906
212242
296894
544008
246626
507523
512185
991684
575752
12439
902221
227043
643502
254850
140327
690456
67956
809544
376362
998469
837633
692174
487010
530953
628809
250428
591073
843831
210690
963882
434510
644244
978747
396529
983585
145846
191708
244740
783088
630443
300053
678598
443518
925797
385240
71632
838828
869376
583230
676765
946930
169303
44502
513164
68692
240584
386432
946476
790972
71174
438992
652123
624993
212417
426171
338922
681036
438496
503783
420083
899987
435224
508521
985346
620886
101083
104119
930855
471444
18032
615965
963170
433382
795161
182943
12478
705443
828875
845641
200330
591319
692817
645254
331005
574334
341197
121816
919748
613314
784064
704811
547261
716505
7032
637081
529101
537128
766681
303277
444399
219179
966950
540334
453519
927943
402058
815319
358046
71228
82236
82202
174130
279535
787864
237828
417890
76716
757945
887229
530809
946926
869902
505424
961281
898005
297606
327249
488018
739641
927026
823190
329584
85164
841152
275887
725053
18491
338320
862062
211790
266961
177338
536207
806461
525206
20838
577141
137486
404173
429437
657902
654195
617810
143129
149664
39497
992710
651310
721650
805735
235224
437417
395777
638949
509644
274246
945582
235193
790420
582448
73268
216446
180433
416935
607335
774437
966688
402808
263775
225329
131802
706516
461612
853352
794042
27796
794372
30792
499917
174979
700423
278974
876016
977237
8332
317196
629192
61388
944791
617981
356935
975598
727127
883340
471024
771430
131714
406917
651154
4818
153131
626392
327314
889680
370372
873599
58160
813738
846644
994423
681725
648789
694894
315781
484717
460367
697848
124185
10800
342197
958919
179681
143505
200700
206506
22035
582737
599769
574275
860185
753902
602416
871058
563031
82632
449269
611303
239672
79061
62542
913229
869467
463798
345007
902380
56491
228293
143258
258029
581115
619171
907514
195320
712251
765081
635620
136781
967119
341047
261762
874385
423009
490702
369537
940874
12278
968210
266617
783653
609530
934652
819306
582672
920808
658603
346909
895047
297784
217091
977265
734228
1895
187321
948219
992706
682080
311511
676341
296825
547849
175304
671358
253681
228660
570020
141588
871583
470912
984051
762761
747394
962341
860870
541040
675320
113735
150044
117324
195471
689151
912333
928403
531607
733171
187180
76423
837952
148719
268843
342556
68001
209787
274407
250527
270621
431352
445878
241749
577832
164614
951368
129717
735694
930732
753014
369274
822897
132602
582430
21722
772223
141645
817237
714473
41898
400043
885077
186569
105900
316983
584832
329650
16243
78702
347616
677057
417531
619747
901372
602353
126787
740755
546645
979235
586608
137017
914966
606264
71053
808377
753893
513538
893601
186909
908976
790840
540758
363486
427537
937417
139691
466597
356927
652623
159913
5164
443654
740385
526756
789428
663567
129233
227027
384162
279438
69821
624976
333944
261250
130371
688591
514550
721907
695724
677035
980132
880104
138573
40481
646687
863095
66670
607718
415372
289493
32590
484444
838508
81522
333186
522270
994345
610340
420130
559418
211412
957607
720417
71969
112866
118209
476872
594879
626959
781822
972601
233978
965312
403628
809662
139269
801762
130042
129518
817125
234612
758577
618929
594960
280713
754969
929429
926926
285045
553325
538593
452256
668920
123182
329876
12757
93118
92876
49930
409489
933276
62003
182913
383577
984424
728570
262786
303290
806443
592101
594357
531885
787037
318437
348241
409368
298356
828064
415432
724840
692940
6642
291947
732821
583534
876073
447971
439143
386429
248767
108459
950385
464738
771053
5549
11769
667883
244771
73393
955379
669564
276067
844383
415885
857604
875255
907382
607643
428525
132476
318151
395244
428824
882424
386950
343987
33400
228398
617589
65311
580662
597308
725418
270509
482079
381096
275710
327351
325312
750977
248707
628815
911690
182142
971045
218157
184710
103376
236569
653053
313526
361548
783662
725740
570353
976893
397498
432329
241221
908498
837655
187674
381513
455105
935529
541109
350198
271289
413283
6978
29326
758243
884885
613174
784555
827452
603293
233286
507467
680042
723499
374986
323332
208728
624447
573086
54070
350997
787287
934078
335496
680256
153910
318228
124210
630480
433327
677146
150145
345448
583243
303922
900205
68504
142646
614329
408160
738851
37248
512116
570673
529987
878626
138279
186742
544125
112727
462365
849559
765208
180171
410333
143852
458997
84143
476688
850138
573980
421450
357969
999169
199584
798347
835872
155706
100543
414772
504641
770599
601132
810417
187093
875722
873210
30360
401182
854160
698642
415731
228221
425283
796201
193416
6728
597371
402415
714870
436582
660154
327803
891849
958801
313579
883864
864199
287784
310704
503892
839911
960798
320782
581694
140236
226390
352430
702016
68740
496585
862776
248126
139747
160047
500236
723579
827863
107965
363660
37275
798430
357738
11616
31154
237812
927469
40967
736387
99794
398470
100401
321591
535744
124009
311762
526906
132518
881717
676710
182002
834019
631590
893919
204381
896198
298943
803465
208834
523728
117339
640589
730517
101793
829694
266530
33348
651814
266035
91484
268458
673154
322919
73829
64642
704077
945556
270122
317016
388901
207571
126596
861148
547902
385130
209391
238448
49101
20554
373297
822838
5801
284028
34626
861456
401638
614640
658348
708366
308655
292288
406295
542026
362602
663996
574683
493675
184021
884455
288089
818414
140045
205703
479079
429336
620586
850857
690914
666429
437051
610965
876392
476564
536327
632720
487228
241268
228630
450980
924389
673338
436356
751486
248085
744289
48169
957791
539392
752537
323016
270100
160411
628578
814293
823224
99505
781167
277314
318585
848895
356900
401516
903895
477885
311718
927101
936137
569604
340389
495159
377334
947335
514005
643591
984793
979217
1863
357150
470046
822759
412368
199807
886728
316600
288438
855782
601312
577220
588956
494289
802332
515356
606215
456781
147670
150088
898457
852230
280708
636327
906647
835386
317971
887427
256235
15725
450942
715361
932560
585734
879707
472660
128949
116207
184681
397439
769423
661230
60225
793183
454156
957292
970647
588358
650653
765351
607539
44325
598692
135984
280873
55520
932537
719698
647182
878512
850797
714949
841314
907995
65992
651019
956511
908833
686442
791831
638218
496841
323602
158273
460101
536930
454307
153668
288750
952127
104706
47336
271333
656726
583479
353073
593224
729913
690921
314044
406697
360992
195545
851088
628065
153079
428325
963263
398889
433614
553475
351316
179526
227678
944241
545015
331461
817574
718928
278521
283354
246612
898560
720990
621773
893334
254072
696067
885654
802949
992087
678821
442082
118663
332300
862829
885198
806051
969036
824227
79731
294324
819986
107337
148299
416471
718738
785893
483034
780401
435016
307700
364923
702462
96805
629029
280483
381545
518909
191945
773957
307197
769881
207099
66648
356190
634446
318729
979097
105966
276066
473582
26586
482092
796396
551130
910006
853166
686472
528460
820100
868199
135100
728020
628344
337581
466613
551650
140435
732618
862742
962393
320150
504858
704219
290286
727357
947645
645821
77690
416302
896305
614643
182986
523129
906400
761194
780181
472200
188106
696054
223656
879556
775761
939814
911164
297816
837262
456242
751699
339648
160015
153484
275403
164404
452190
309415
821959
737886
374743
516962
996730
46523
897110
253514
432059
705534
944659
610954
542672
43593
428259
778921
19177
740620
397898
426792
552852
695961
434253
335892
556020
196501
503314
154138
765428
641979
843507
846082
660515
459891
999343
959204
168588
491349
434066
390070
340139
74073
572992
5644
658749
128578
196833
246145
512728
565404
574682
671015
942206
927840
404451
4681
509292
441801
196700
379618
375192
472977
357052
43716
950762
783618
641706
821716
178768
865920
312887
951672
102525
992925
237303
31125
308293
3891
786488
886886
482688
473180
146582
256439
215257
354968
322293
798676
806948
344968
737371
640979
472848
811017
646535
170177
988801
812350
792713
284676
655020
978566
373315
895126
455654
588469
831696
959022
405078
662052
834707
326935
212424
990090
429185
768224
969184
905411
88614
154243
42632
858385
267262
892018
169523
116676
866723
276695
454145
251882
300233
729610
380631
954788
711152
262158
61031
372883
237354
538689
955697
43839
527823
618995
517110
376525
440554
501283
878659
511773
606971
82752
805474
724462
604564
782037
228158
384171
225810
293031
569698
616352
382758
458337
793011
18314
110752
817265
13206
193714
651034
555122
263461
516261
212264
544187
887857
270994
592247
396290
122070
622638
262563
447886
920204
182084
810182
249554
860479
59297
580223
406750
917494
297185
52473
416030
9193
121746
600948
470909
525250
33622
936777
894729
801722
146887
30971
484295
491794
997938
777719
904022
34318
614934
882556
475851
315055
950243
457685
644159
986415
401838
851701
792
431828
706977
871988
852352
353963
183516
634738
313506
480350
293603
485440
449648
319228
989753
365203
648310
167808
837619
383387
803326
172315
540482
900882
77536
742332
851564
747498
7191
790816
331738
991241
952750
695015
715664
682502
16352
563688
657115
211332
460375
446742
772662
883243
817580
900919
474466
574596
703034
892120
613695
141508
75821
328902
521292
648482
288226
342443
641917
779552
252166
304169
983972
39853
115924
577867
216547
695742
853716
504224
548113
713202
259473
277834
900629
924570
740131
374005
911136
400360
948043
407095
194934
189507
680285
784435
406801
444111
395712
910984
705152
61877
912322
462213
39883
483912
423648
837441
732214
100677
927708
159032
350175
775596
101245
670015
439439
778026
142065
722206
573320
153181
534453
989563
399989
330311
891360
945133
84736
843309
328220
867265
986574
867386
902592
864410
195915
916776
71144
193362
151635
921339
807376
473305
550903
52842
440999
290980
754185
983846
106126
15440
692943
900717
685121
315922
906765
992889
742290
112808
405116
813940
115296
933931
459794
36901
914425
178906
70021
378409
899446
598194
534728
997642
325122
490922
270941
273680
597696
609866
710034
640573
95603
661819
852702
690650
688242
395484
687141
819548
952775
240124
453791
593022
640298
526286
487856
420209
769880
372334
231173
589666
403493
438687
406271
921686
123140
894225
54632
984972
92677
420375
502793
329191
690717
967742
31047
935863
401235
560887
98457
415588
112190
903642
632816
560665
834360
368488
352040
649549
317277
972135
403557
251797
218560
338984
406125
770917
355802
576937
20186
875112
383609
388334
868571
329171
247278
271151
670176
13914
718511
38039
511337
447006
490776
673343
789935
200592
136852
644175
735641
34784
430815
14187
217823
544904
170882
927033
382766
568080
750956
163516
507622
830659
541959
932757
259347
496842
870114
497444
170228
488739
866446
129134
474735
554162
772284
469045
919035
735726
859934
986410
879375
947184
218003
359865
168360
330479
422859
909291
996186
65675
17865
64510
99857
839923
985389
516813
778987
77089
924105
879081
984703
530804
14155
858332
604119
28096
993583
273188
283061
950736
133926
463721
840847
619170
492489
743024
862301
836975
119254
608837
967528
119122
259808
214809
438941
507366
265381
43174
698535
643098
286379
415113
835282
300479
668673
883310
220534
298629
920722
682229
883780
160943
663281
321551
889302
179920
499548
88079
705997
776547
114768
897366
801438
258529
789412
304589
908986
638816
515766
38643
975912
673122
196265
275315
891690
934576
825426
699774
923692
786836
106967
246317
423216
868944
857458
432640
131418
954794
389823
51651
188238
691623
357304
302580
752038
208145
228468
542411
24320
436323
766308
896893
573219
180242
409350
385069
227227
752748
112328
571734
249290
665676
916519
358908
387617
527754
417327
458673
438177
692292
846453
259647
52665
75641
861243
681775
177861
793675
670339
551827
521165
669127
812646
865868
466335
5214
846410
691644
800716
797817
788969
724856
377025
165271
673298
733435
481937
252034
308906
773770
647204
972041
434536
92632
967469
443914
699507
229025
305713
471098
571818
673805
463043
592120
553538
884978
884349
866559
54027
765826
265222
471880
472999
630189
314727
271549
543848
615669
367038
380012
415506
506910
874052
57591
801253
404851
749103
676512
955815
828554
619731
14537
946948
983342
152148
570960
303953
991778
766584
942683
70619
408167
736176
726144
562323
634861
745725
71197
618333
790741
386990
321012
764188
704344
549780
14094
328209
495111
8627
450371
122071
720266
405203
649740
59174
200538
883296
29836
654611
193498
221438
252188
635428
721049
609790
449195
685769
834036
899531
73177
400408
394812
966800
79941
424852
509624
477606
250418
952334
977974
180505
858452
251187
404555
418719
207802
574862
278000
391689
761367
289504
675769
718275
443090
627373
988038
20015
404470
115907
76474
739471
273715
744074
177072
391880
951564
620863
50855
416187
939353
813370
808920
785461
799912
39412
537965
645359
190028
701052
452167
214878
169129
377506
80436
909455
128126
836798
201500
543323
809169
459229
34821
9919
204430
528512
31174
478495
261589
47110
767286
654841
311755
915473
473767
876649
447362
325603
639920
759462
359955
581782
970734
683726
301605
761675
895510
103519
131275
655124
924608
199971
608244
862095
286445
474559
887561
691393
800348
482383
558759
519235
510549
992587
202740
302177
879189
947301
178803
677446
602275
398071
502653
167917
396902
923405
579790
589909
268804
841842
471235
126251
258441
132897
58197
91905
467708
211
708523
930793
155364
923138
679974
929647
773974
750205
12943
230905
538480
78718
922064
257823
481835
610426
732929
858676
394530
739220
844309
859212
55074
376067
694219
848467
879566
141423
747001
474757
176664
488161
800844
744560
876615
956522
272927
730929
647818
586797
123970
546868
114498
350519
184596
713570
151768
650041
245216
342392
721272
887309
908683
151975
823985
385335
154542
168838
178877
459138
485115
648115
707626
185960
752845
675044
650583
979723
83605
105667
665789
430446
418645
541647
816727
120269
730853
193510
773912
224052
553035
203611
950787
816803
799533
812937
387077
310637
159286
957694
941727
437381
645640
85934
554076
725047
590661
468410
910909
532528
70670
106864
445464
395438
479551
453555
933266
763352
219479
120302
715773
43996
479681
373354
173861
845064
443026
46889
309424
22860
155389
640198
375715
995877
835432
60696
595219
283665
700234
657142
313494
143503
763105
296727
984635
143079
668149
76759
182424
331333
338260
984953
985602
635453
596700
608038
625260
961744
244818
572022
666689
312464
929238
298007
747565
344702
896532
771809
949797
562239
752363
872605
671295
252620
348926
589667
405719
844848
130299
659391
200871
258339
90628
842974
606440
66059
452838
286062
759688
412150
706089
297920
667816
310830
561799
644181
821000
53890
490013
643496
645252
468313
407695
119041
173141
614408
957059
579672
137685
175906
240468
104599
732577
950201
690567
652708
133296
47192
556926
695714
651405
678892
762034
250698
606944
611669
701177
872264
565129
760482
837598
141299
188340
325803
680455
645573
669467
189158
885157
38921
253194
597972
409298
946002
129385
69992
367122
218811
501534
718467
496942
715261
94005
172804
187108
65460
814912
142471
406782
437881
991637
999324
648638
663092
333670
483179
928940
314789
18038
407476
59148
155365
239598
475276
14124
792264
791410
772682
295206
517531
169113
473544
980918
987243
401770
538634
954086
340379
367183
258049
929684
944804
206781
555366
607387
832486
900245
442662
480907
318052
438860
801059
282949
669916
60354
71683
724675
121501
961584
954589
690732
909021
680262
565629
329123
277013
322012
770897
917351
725941
361936
990866
924832
507299
158409
127455
626788
417927
48743
284245
234723
401979
852697
825332
772375
82339
525424
740000
971593
703896
690413
463019
33275
842409
388107
115190
742240
26165
513482
708139
371395
691851
287983
690129
543773
859559
295508
572232
504617
41098
348482
635786
346387
637384
711482
108002
795591
612113
730755
743785
312747
634821
279694
258085
235611
954425
240550
878880
575118
345015
463773
450749
726259
685871
563833
133313
67861
130657
163751
678836
7808
974033
197249
715701
611060
285032
792685
322402
261612
311474
82637
406370
497290
712003
137391
591088
366349
111441
57744
991575
826340
874488
373537
498648
65103
987465
769933
996848
564599
773394
476654
231084
177557
602628
545867
104985
459617
803114
328908
889872
216740
196389
85616
864019
996741
971109
489375
807585
539741
727273
941968
930376
415631
774328
283014
860866
99609
825613
338553
862947
975274
441383
407257
275844
748746
535529
430748
816673
521016
157549
814460
472392
411770
631903
934612
546414
527152
858352
350
34944
783215
641647
604508
685914
924192
100996
806288
972006
314012
765209
286352
100854
192076
270108
256030
637379
989145
712308
366325
291118
896175
69160
105565
782781
31
226084
939862
93616
711833
240308
974639
62871
999425
482359
640528
183339
460745
625460
773809
986960
867315
575402
420385
502529
724909
719942
98003
121936
230047
217356
519174
8727
603646
655707
75650
203999
413306
565503
153941
169807
947731
424201
893432
927918
145427
316599
984104
704808
81690
246770
439054
42314
258431
698734
761092
835103
386724
58428
127285
247341
847307
746002
66573
649650
613654
650774
691306
189942
951097
598956
65432
260833
580245
804297
156691
718165
937242
859134
161086
792718
159262
633379
494839
759845
568453
297679
751347
523882
397155
617651
975756
462612
273298
734336
671185
609642
493522
997869
792942
665456
915425
919247
336823
441371
635282
787947
424513
440555
79502
840929
46157
897382
479575
509959
863904
263550
251287
408669
52715
228927
231322
411460
483210
280857
968115
972918
966258
989500
955068
682527
782495
284591
176815
411904
890465
636815
720985
293339
38626
635683
706393
69889
905435
595692
341291
803562
911450
518154
618340
14394
889114
351341
964055
761349
811401
372303
854693
153288
756821
513948
141006
5119
241005
728339
703468
855675
826211
141494
989708
877827
217102
678206
165447
272812
14523
324697
793375
623501
485210
161084
650694
85607
536954
675568
418040
397774
231070
573542
37995
399262
956086
411146
882826
213305
187536
893164
573755
418820
746130
185803
90909
77963
572918
906002
44733
39061
466656
358853
192409
581633
516326
287709
299061
505615
105797
78880
972882
679858
188916
677954
781899
833344
343874
502207
360891
263685
526909
418538
986778
795921
568550
232947
291869
540675
533014
383263
301158
855495
637507
310893
151158
766403
151763
432025
275353
740042
754426
517669
110511
583199
719911
389340
884210
327205
421408
645508
43126
940171
237859
410600
934102
741172
974605
990920
301612
143854
333579
344029
943309
671155
293966
261936
768327
42099
377681
745995
397806
946478
873736
798100
68401
726332
283792
733245
192026
117122
458740
642530
919435
785931
820634
699752
192561
427991
696099
780115
540011
268119
663603
341956
198718
947177
102307
886178
603954
771092
291185
810063
37231
672071
428035
773496
117578
910761
607364
446642
959741
12150
558796
411434
350708
543559
263931
661371
271757
960280
192256
255955
50854
121126
682867
690755
537242
569475
898166
142970
729695
932302
628254
229884
935911
432957
302666
741013
701494
604615
947727
801037
98301
429122
62779
572973
253818
157449
98591
473580
795099
973615
894629
557393
999716
837835
759613
534337
711702
160316
553740
665856
817357
591252
496143
130259
737858
377883
577233
807334
480051
74347
498792
463358
501407
155052
510490
402286
617487
241836
146120
793205
897403
718884
169657
860346
748569
871431
143211
772314
79017
816006
25938
567124
835840
518583
703942
899250
864176
523737
700943
602911
494597
205753
450815
581375
497301
644827
618960
938661
885747
787785
380546
830263
474475
33714
261040
602486
698718
524820
134441
746006
438642
155437
207919
232437
125885
57230
752949
659793
943425
825209
793645
387555
578190
137388
557977
665366
769946
245352
345781
84700
202260
351403
682521
901404
75648
103002
545679
973522
504504
587612
949543
993533
246132
86724
570128
449263
803867
532954
417418
899222
961100
752380
62974
61392
440894
125321
131647
284460
9772
383175
17543
913343
333857
799716
701626
376124
793152
730654
447468
555
336132
366377
450912
290321
582874
140348
846359
383423
392342
220092
411815
42070
942263
802422
822647
493137
305068
120051
480648
638795
936464
393714
139863
28011
570059
783197
713117
498763
138181
948788
203916
987581
663516
866028
160013
748124
128948
951926
224002
628505
874513
296831
329867
622830
109775
205723
160726
362163
981374
124917
44392
722527
623211
343283
866601
256847
270323
148191
522556
670414
191024
705754
809870
137722
285735
310272
365053
585762
894482
488677
167645
53955
552653
253357
983644
174639
815650
112003
85739
687045
750590
456316
11757
682819
362595
17973
105183
63217
788246
985364
32711
865442
343359
998822
930224
975332
615677
340465
780109
458953
823308
17536
209181
610534
887877
801582
831453
433871
952095
291647
358941
660235
804690
583334
453523
122276
132581
250490
871517
270000
774063
161764
550666
123704
175922
474452
381116
320252
492013
344315
124586
18054
74906
125069
379741
524264
632298
125911
508289
98364
460639
922729
285844
922079
14494
452358
290682
161291
241581
53498
887805
937378
620482
595260
748498
395544
221385
487780
544959
860006
284393
426016
638857
48879
311832
511591
644894
315442
119631
495770
425146
969903
664393
956010
415412
633027
932752
256470
379928
959580
969760
853586
349268
402279
556675
781350
937125
889697
389628
521307
394672
916285
165067
230618
710730
454253
447442
973041
487656
219731
548540
723813
373111
776959
266839
706164
71622
738626
495491
493462
530346
560792
297005
383739
596656
234006
643109
928050
9184
912611
832712
349430
684905
189089
241763
872795
702835
960764
582613
103256
787666
668466
223682
778024
39154
784563
1416
982923
500023
101014
452969
578763
231422
393564
465308
855583
739907
461829
738332
877416
796058
906889
368581
419558
245339
872493
424576
939184
213049
91599
376681
379126
406882
38980
915215
837909
426116
272932
857916
282853
993840
776691
554409
731953
807944
4222
386237
342406
342326
822930
288717
169841
539810
935277
390046
983624
320731
224692
985254
93886
332614
841927
626749
612861
230453
538221
815308
170816
497373
916003
553158
505515
877188
832589
676874
742510
940748
381383
368242
45040
663872
5592
847948
768580
966985
439734
684072
650282
903261
209852
292891
48350
642544
434329
971044
523967
54692
351022
49156
221179
314362
165274
986538
84303
190977
528143
557440
712657
57140
244352
425301
880983
588945
311594
741872
677765
683877
687996
157958
310121
150398
659257
878879
272761
974329
464109
844229
580657
141314
518598
393433
807500
634992
774454
49412
370538
134707
638477
383787
718058
525561
674457
72967
427616
381944
163736
731177
179706
186555
436938
505012
658319
414833
480236
774353
836945
879346
328049
164150
520833
539135
344088
988446
538747
318480
288225
151718
334689
772068
916755
718641
949476
853860
421806
755351
525262
588832
204853
795984
995858
788781
22667
401913
889622
647349
659637
92591
174138
863819
627601
147345
886715
274157
55436
948112
983421
76843
474467
164009
26787
914391
773214
648965
1707
773513
753164
666814
13818
832407
761152
943208
862135
659020
308142
894335
430121
266523
614894
888606
922337
899333
168901
689398
434533
795769
245370
694749
968538
721721
152080
454660
750291
989205
604416
489663
390730
786669
787914
16095
451867
818896
567209
372941
494865
416159
686187
906041
719617
654492
510464
679502
672546
497798
785259
335846
497908
620651
224351
337381
792247
684178
973158
170401
272876
285317
615124
852032
636449
511573
915135
734084
633044
273556
775296
608875
236150
117397
160264
734584
452355
76802
962621
383127
937121
64903
73649
680127
873719
998274
866418
124111
384158
622651
109843
276017
830903
10430
315288
270855
676674
786094
879245
591975
415791
375690
403141
767374
304087
517349
352048
924395
206778
729147
835276
230156
597534
297679
890322
316632
257915
604492
37679
755600
505313
201027
68495
601612
471350
318182
18627
657142
677526
4810
447536
937062
39317
599359
936496
296692
142360
64639
264683
895814
57277
955099
223384
636716
863068
552232
527724
992778
773574
326930
635401
362591
980484
917892
330381
884509
628578
14499
132066
369551
390570
400469
810649
156585
912613
477189
687317
371397
303329
316341
343886
87195
526275
533740
931464
788643
858586
195652
536487
284121
250872
452850
446025
383794
975374
309317
963520
778319
221048
72905
271439
7021
171107
127514
639036
48337
563147
564288
59642
114573
999634
642111
928370
920332
875611
825587
730455
311496
804314
363476
842812
249947
885683
877312
687516
555040
114981
16604
720860
901853
321084
19183
50343
69883
26675
175277
113029
856030
254250
250757
522235
355385
325022
943877
900708
639306
39478
334449
458626
989033
513465
839488
665208
978086
615735
641966
585565
88703
799777
492840
307904
398973
658331
205400
856418
973192
890317
523202
305837
8892
833328
853758
84241
788573
183882
768250
964105
676676
523259
652101
349468
9387
937692
208024
684767
669100
843976
856024
432711
100100
995888
697735
801755
186521
537186
619013
98844
890176
354179
968229
332051
897071
206791
807166
941309
301755
653607
958824
311167
921806
250955
253991
613006
233729
59720
473953
900682
80502
686840
920403
595514
548293
149624
128975
91101
411014
929132
359584
440610
886560
118176
226303
997943
659198
852385
144518
945019
151859
339434
110004
436857
470757
942501
47373
46048
757709
391468
439440
130648
925522
256978
578965
469775
12723
291978
879031
368535
429309
856843
701395
236155
814990
705356
232665
228210
699801
385365
979616
962856
38935
767153
988663
751482
323731
561160
538228
24384
811721
340134
503459
274195
101625
844653
665411
365552
514742
525312
581502
960314
195667
161410
938506
322795
806089
674434
908283
784187
564747
966641
576128
409296
320164
453276
896417
383105
489125
986810
761561
529962
343131
721350
9379
556887
222979
165763
969793
939525
968129
516482
391907
584623
630887
416493
902161
981016
820333
476742
694427
410523
499801
93180
238228
966990
788119
934469
182230
404206
424638
69989
500119
351560
455800
415562
706878
459224
633079
384974
23361
921019
696721
953309
787441
240555
384879
233020
388939
686950
399639
720740
861072
374431
780873
773568
440129
21505
992298
337404
327254
10585
436185
870934
588159
386721
497227
814293
118206
523450
603141
676926
393208
194330
203450
971084
711863
216686
468556
332359
618117
544844
780714
684063
696384
203265
629611
402448
424523
249604
972228
735268
376455
677361
636363
8118
508344
135148
872963
718749
910524
264518
280580
364708
976463
819541
794680
815551
159635
816563
392367
990821
333706
40814
636610
331064
354333
554528
474249
778621
598425
731894
727564
289560
784924
162261
32875
46791
368506
564456
71745
899133
407944
685146
369256
106156
407188
479553
14446
480187
110539
232354
558732
603076
568036
860203
573934
380812
652586
733254
350537
314665
110181
566899
839625
548925
571507
768130
435733
464008
69618
578705
503951
142975
211389
22274
452325
459611
285245
273714
624509
715942
722928
708458
224227
410331
600535
567585
565923
905590
732926
916813
892218
876060
128929
957133
3130
794425
524224
361236
383811
689087
426107
412719
245614
524514
881702
607856
445048
726700
22780
932572
129268
388335
154944
360153
19198
392896
643953
476609
977366
232595
536684
624047
623525
511747
99304
770900
210392
957670
935928
15803
61182
362903
495280
22694
767825
757809
395704
61571
379001
587385
822209
273541
924179
646719
657084
188269
286108
246040
334374
736802
892287
690861
370254
756645
830789
249503
765106
28598
617066
934718
43006
999455
501953
837554
30403
733533
859991
277101
321466
619025
488675
880603
860737
801791
863432
742950
569502
897994
686661
122371
241683
138949
804848
295445
679338
158064
993969
289449
854650
863273
868392
925167
510205
31082
811469
95228
370611
911482
96494
358224
110140
505378
589119
848990
893738
356584
41733
457106
452502
138683
905000
184880
19709
820291
546349
810007
672619
960592
792477
820829
197576
79267
775919
262382
127220
213136
358063
264358
721513
671955
669251
958181
819540
472378
520018
326397
688033
455029
439845
912627
638012
783193
85121
274859
891645
275964
568684
474320
474683
936276
288291
518843
844777
670714
555180
631537
227543
716690
810776
101360
237893
27693
285877
857462
308175
640599
720050
768195
563391
488306
372726
675340
82225
751277
817399
519998
413555
514401
158416
614561
258976
178890
106003
76064
56608
941547
591402
46333
451879
317838
680352
568792
149125
966734
920721
414158
373577
562551
559620
173614
181384
641561
582752
741324
492708
81787
493991
777542
555454
58778
711202
802180
243394
530749
136661
402305
604093
561748
853010
371102
876369
698943
711526
166569
530815
711937
456415
42058
416493
920337
465972
631306
374735
165946
226774
894242
670179
742415
788435
688856
636873
964674
603319
659256
759420
292835
19876
726754
945805
591318
104746
6742
924451
494139
985400
719563
319590
399487
857170
682394
403807
466673
421150
327755
646068
452679
137818
60088
164960
606395
876380
872209
28622
265507
443486
679900
35517
351580
537305
615472
18292
926488
121014
726361
723420
638762
338519
599045
145732
694248
722732
732237
846716
355339
506701
340961
431553
718970
440017
817104
997088
537993
447943
498149
290364
709202
195731
950102
777528
397769
420970
243992
838668
812268
729510
113157
40667
2950
177284
503640
846825
364532
68771
25235
313632
489883
866420
219475
293585
949841
686680
323439
66368
205076
659418
922240
160835
148184
691649
220811
26511
677500
146019
197929
418907
297565
483090
990348
856819
968021
975457
997611
261909
897604
622757
882979
542657
315139
44881
711478
558763
835510
902265
891107
772656
845599
989539
996331
867294
133017
597840
181866
343290
981344
60222
411356
634208
967154
467953
470540
911803
612301
741643
221284
231243
382614
327937
124350
657044
994933
954998
638023
453609
162360
478876
649581
986343
194314
325881
998751
88800
298751
934618
678367
696629
578140
578618
241088
169025
413643
275718
945234
318697
245013
884308
378247
588009
741943
683753
296433
163510
28712
118023
471166
667213
922094
980977
81761
918270
455477
186700
435251
686828
948894
347864
87199
179940
502646
887847
832515
132408
81641
947435
884750
237322
492843
658448
586918
193978
218119
542928
756571
88343
175403
330354
51506
708503
946484
712786
569074
876935
64356
635196
246531
837454
509514
913154
313353
322698
685043
134694
829173
645874
90763
921199
774439
137182
762790
472901
200723
300694
73665
953419
253174
475523
351519
708818
145985
580651
533200
405573
768021
978357
549812
125333
591373
470357
714809
982792
621474
830759
459301
867845
123076
323504
587231
717586
174157
158572
801745
65224
294223
753465
680685
419500
677885
845123
453008
722595
51940
180743
51514
583656
975618
833246
181331
342800
160715
521625
873392
78902
728839
248800
340976
975620
23513
194504
710357
515657
98279
598608
887338
680577
358163
65139
643518
773739
105129
473185
396205
680649
625584
846222
592891
281761
408005
325631
618544
236659
238569
313853
955882
529623
83919
32995
738216
826831
485710
517351
427395
957047
937791
635275
222848
340063
573920
79846
872532
650608
781380
123233
797895
948113
250916
554599
302499
233978
22651
566970
408382
564221
192098
115161
950642
626031
30159
651395
548001
210130
167600
225020
532211
611482
792265
332386
125355
329550
652372
893838
745811
172721
704831
474573
670286
295298
7426
529972
756782
793257
773650
827461
563913
711879
278267
60780
165648
772899
172729
974401
808992
526075
124071
675510
298330
336628
155464
685147
991428
179353
194955
652007
647498
999147
875306
997758
457954
887785
159001
296101
369194
610684
451376
711105
689875
738349
943827
427506
663127
40303
557564
26883
377286
711709
762667
475705
338690
836793
868571
595038
483736
353180
277624
137848
723769
889386
378922
202701
242104
839157
949862
561556
598166
644648
978660
336535
644870
618209
466281
284887
486299
120751
665626
109628
372554
40440
345380
58524
902022
743265
870269
394792
994472
762319
131951
248642
703815
90608
480584
710596
699359
479007
536158
121514
243901
111290
665126
13922
234738
144021
625498
308965
153724
966638
433715
859819
872978
705180
382416
742307
79555
378156
437454
586128
317782
671228
56559
946877
29722
718452
962880
293968
784213
854929
203846
113086
664002
537431
201987
347589
275287
432591
115558
264825
642303
824704
829174
686031
967565
434578
458658
328488
403531
297958
765942
32638
881647
121518
764495
335810
2644
292186
541016
333835
718684
49389
240806
109419
94167
167516
20797
759627
912794
645003
311533
101293
412084
357106
239721
222760
18773
546602
236485
644684
788254
68640
521511
741956
422623
675156
992809
533177
30793
283030
187234
121333
278440
397641
296616
906266
317501
456272
120652
454891
606725
18366
501636
386662
154938
668264
853917
45293
893464
748411
790112
234990
910174
238909
761600
856275
616875
374927
333394
402553
218536
894334
750676
335681
503050
122015
54024
655378
456814
438824
867239
779818
217973
764427
361268
699370
105293
309681
588009
925045
80059
36683
361445
392252
186111
206700
648972
273178
724659
796704
282768
57052
435359
400231
126629
87750
850992
982591
867618
790761
848648
203279
546462
175773
910090
199695
69456
727278
491369
512347
496160
180440
973613
598028
894504
440756
692173
527189
850420
258427
405219
478181
590370
26034
590656
633405
82333
547237
735781
986461
328647
63682
85192
303445
692573
416968
789944
669801
389503
858634
869745
897121
124720
708106
722256
377951
597069
97159
829130
688571
770435
899025
887308
880926
237313
458830
626867
166509
471773
934474
380287
837081
63767
540261
453411
290735
92907
809635
199199
587759
721447
718448
844427
117266
995506
494727
520301
565867
320430
494035
219101
267851
948358
830586
832717
284646
877437
54419
106846
402990
642464
762008
593432
690611
825401
49703
695807
732840
819543
147295
208002
455681
311466
617669
609583
904826
240949
290626
119256
420612
620440
807310
255428
245122
605659
880357
135061
942127
350123
113996
524444
186141
898023
166695
938547
788841
799178
641066
25792
197974
337130
445410
977395
298557
157394
349925
626892
460980
328956
168908
970039
965557
997877
410764
750775
451797
583113
629819
603059
425513
195616
58426
433066
970345
778976
320635
581107
651455
183895
528155
801084
891010
677378
763868
459619
480931
731518
363745
387560
579992
445188
418345
239756
803341
174870
113682
275893
60541
915467
419352
957211
340109
893868
530360
18389
711405
281901
857293
906177
521141
646214
286447
138559
635231
213296
295108
849086
101836
663329
4799
929468
606913
487354
62348
924342
987163
772973
221153
674681
540379
92689
645774
198823
632233
235515
401592
445427
264804
583420
906501
218646
685160
796216
642516
89468
287258
510020
277759
291341
78344
857413
58162
882232
429532
357740
923827
619420
457696
510178
213494
427728
562806
543716
54509
887302
47723
428213
697055
334787
239742
37938
77061
780736
379966
424021
610412
531036
620133
87754
156707
123787
276451
48286
939001
70819
139860
413371
617542
29843
6134
34719
827673
87087
809249
106512
555967
9466
3530
354573
598606
661304
868570
902796
780862
263624
461547
996314
57048
502934
253315
429772
752954
917418
387071
575895
54782
952411
152931
431730
135889
245542
140498
486180
475246
497380
43750
973545
314822
920799
594332
557462
285259
185726
168110
427358
213773
169913
123733
507031
525356
434251
212674
550387
765087
363327
393916
912682
711998
113411
774751
111560
308162
796875
835839
86256
972743
389187
962884
946353
613984
126235
545363
711081
984642
949870
129697
834090
226472
536346
335683
662152
952206
87050
790469
468807
868278
166446
532345
952435
17050
125004
737265
607003
365376
540761
370106
279398
665915
588584
539221
578299
870636
486306
486908
823272
23683
280162
50366
352672
560444
826181
714829
375546
103830
638580
127712
191137
845126
559803
955382
42706
405189
242867
909380
549669
398266
297660
950353
543671
517625
351584
28466
616500
653473
473977
313895
510382
33584
48732
317213
761903
257409
702687
474614
831622
989857
317236
846651
319053
40512
111067
993232
4245
272997
12205
832387
809330
969603
787233
406744
640772
273095
18924
222975
145510
846943
697284
672643
838367
911063
183894
411457
992159
337240
400024
34339
730023
376500
820018
281681
964940
381825
547199
597480
527327
50781
542854
967229
31178
405691
492988
880217
942021
697766
30630
469306
537909
469431
187975
933883
722322
809668
726899
319024
149836
1286
5057
153824
862028
730874
427722
783107
285791
842450
5538
289627
770487
858875
253008
174398
178503
400939
403646
453127
891171
365016
628828
783585
250914
621565
266585
10929
172803
400810
97270
669931
345868
112743
533101
660862
801072
933444
406738
895696
738695
385739
990879
279910
780783
154702
381541
121488
577704
977984
945018
67764
916054
329756
624317
646859
538493
441282
536129
371996
84166
288863
501853
607651
803874
769714
687020
305131
62447
180996
287739
438202
93853
560721
227327
984225
900875
597191
281191
215303
711273
686380
629749
492132
2608
535296
886473
771643
915046
87917
223764
914157
548472
67184
358309
967843
428674
103330
229760
147637
912104
829214
89346
459669
355609
589150
817106
987791
393880
442938
154786
811276
973291
384799
492174
89252
195492
379644
213080
560081
187257
284075
696009
557389
618949
922918
599464
675213
504857
448301
150900
888450
82950
255215
824933
348286
358136
916989
943740
254030
323386
375543
42591
680859
772469
774487
35392
299786
816282
111472
849740
367588
19016
182156
974826
351249
909613
968194
836034
30013
573690
520241
864
616665
611380
807620
430690
21984
472121
395810
578734
967288
99905
924181
780441
677221
561457
704322
660598
631695
298857
450530
235302
50432
680897
873119
938962
882786
471430
411830
764145
762413
772450
635418
638800
598634
398016
744651
172968
220016
691672
818639
389452
952807
331709
162395
749152
317456
732502
783190
965912
112823
761945
765223
825862
425589
538774
844446
966040
615892
920026
149113
479111
190871
512149
599199
185026
486159
976191
725266
703040
493070
438407
279803
79222
440383
542169
288916
370561
852137
322835
833295
535564
547372
866710
310400
591491
423467
291193
627965
138064
815425
788772
76546
400212
554707
526442
393828
289535
135045
725769
647249
367832
153655
408784
996010
62847
434320
335585
392394
306772
689863
889495
861444
176208
174935
964007
898175
611033
614416
951971
802690
475411
750527
940023
793598
251958
968777
365264
482959
454794
538846
847313
230649
982062
890015
611628
393048
684417
608143
367608
533088
348640
809087
412962
998111
424142
887838
597110
511936
353506
589617
586777
341596
851736
73843
680934
303536
129002
153159
628367
562042
664646
536933
612306
93697
769159
798766
593656
296044
490776
18417
100729
517513
863326
709507
576893
176391
303811
602111
866631
441709
536324
616547
405840
464637
546353
20240
282478
442985
461690
122062
181557
432641
687530
256430
107741
425853
694733
265126
747131
242007
165165
556745
413188
568502
509421
330778
192819
733493
594364
87507
764232
395102
397983
92525
204620
706759
940882
23640
174611
678936
293581
879275
648393
273775
595920
796001
642028
175607
348335
786848
75116
71530
602678
454373
274424
748728
680140
631052
709617
655405
956347
764911
794723
926329
10076
207613
14374
742287
355201
510047
17945
65201
902052
714104
401574
220833
165386
6429
495818
741291
410091
102469
568116
482058
901669
388163
657055
632439
613321
706281
70358
45978
592293
395210
802155
71662
961183
271720
422042
575047
338001
108361
280570
599364
600300
664578
455260
533035
813164
791604
337435
555606
885122
144923
171863
192294
730302
471579
994914
417520
61043
997014
84050
787612
96892
570676
155479
909753
89787
628750
731664
521831
738505
724301
566167
724029
873421
112849
212169
78712
297088
119250
624698
479987
143357
555614
577500
272972
38378
876157
758495
237488
405668
375918
157071
452803
217177
725643
598355
429518
279349
890423
528272
733963
199590
156235
769838
135603
693787
333590
559865
801550
311822
116660
475537
81062
621947
607203
271286
515957
625382
577588
821264
911463
524098
887736
228653
598877
415825
955880
125125
366213
26540
865718
469362
256945
698401
244809
47735
742936
479009
877444
92481
569777
951486
291614
862544
52477
81145
302714
666874
771807
907355
381401
84740
613315
869866
409930
71630
22996
313064
698228
297637
881213
988751
942361
100057
462367
819180
183040
329743
851765
341198
919924
583742
772048
943618
965336
965626
570522
229662
687846
225944
811539
161524
582739
322974
680026
472505
757545
411937
375023
778640
643270
95035
899099
921203
354933
616785
190814
143047
9519
68445
784365
104031
365677
566852
185707
934559
784398
165952
782424
412071
147069
1376
832713
252352
918946
371459
211682
788206
875868
171408
380971
173747
575526
683532
719812
467087
334175
887789
704741
897114
901105
16982
785613
211571
477539
90962
248528
549870
484969
636341
915629
899301
670749
395467
215088
311814
855489
655544
754219
564322
126154
943193
528941
566595
606241
693212
313422
689526
164002
533483
967086
578188
436448
619897
242732
390542
168732
491091
496561
532774
710189
963789
647123
30071
404036
671919
387340
676068
123655
100693
394259
334778
653731
194580
686720
901895
789491
415055
498477
284599
245846
605081
204512
494136
344246
496014
1842
238204
240785
142884
35760
955592
45924
371524
813153
727802
190882
304915
94550
932345
389083
82892
390107
174191
371069
787679
133821
676140
868355
737618
56026
293784
448982
301388
684721
749329
409348
895592
1669
584637
962282
878818
491468
119967
571061
903764
115948
290017
24536
97412
229752
283018
16437
626261
467256
898828
561579
895031
75394
401409
90810
990333
262782
866696
284073
837997
803984
516140
181683
559835
696230
411660
511191
793394
701274
439068
514784
472556
163825
912381
382431
745200
465565
202391
648500
702605
206339
820521
561964
56006
868252
132314
997494
278731
154783
774049
510485
592860
710671
687450
951029
93624
594275
158288
704158
445977
526256
429192
579286
284669
367190
236134
522371
931081
715815
177544
205990
840158
241172
629780
845484
84197
281540
190683
827383
768923
471861
241791
556052
603892
657377
728283
512084
523024
290347
577333
283979
639114
967966
970714
620119
446646
145652
212281
826684
735138
362246
334796
659550
98672
750720
730623
727732
938148
83108
646780
837418
334689
65666
923163
840374
979382
726568
837606
99676
863561
409021
538956
502422
550342
701409
291394
450466
621714
195626
652398
640771
989856
319802
667284
438324
409286
693456
541707
295468
201828
436537
619244
932432
136604
596959
960015
941123
701877
494494
482529
182163
751119
21701
651137
17123
203294
518933
187815
582024
724429
724272
261770
995539
429442
100541
948
15226
212724
678745
999471
126660
678928
344910
334540
63787
137398
193660
784602
751065
677783
959682
640757
210238
848623
635820
790204
945083
538845
98937
42997
806909
448565
589752
515796
21255
749592
15833
445864
439916
733721
915114
221403
160537
125141
519569
751997
639854
844400
701054
188494
573552
698004
70254
974114
945012
724538
91830
907879
286909
266955
396185
935220
835542
83888
657677
708855
448609
569157
378753
440545
34600
726409
605963
811653
211297
458449
180635
256221
241271
89892
420730
355971
950049
795268
386877
712333
839145
566520
648520
566948
438460
577528
264162
662688
387413
945172
837983
823882
101607
641796
655689
525015
549815
118161
930206
772084
229572
305646
534778
714999
774889
837096
839409
967483
710912
523651
688745
303806
280988
581488
215410
619998
60257
321380
142154
397989
817304
518557
242444
46322
133279
91985
371989
484448
721713
413386
958939
552861
232625
581785
283305
917602
324024
697389
934019
672774
367079
864668
895017
656864
956278
657277
997570
411695
976633
986997
607805
515983
179198
487158
628411
528482
530048
920108
363440
945940
834050
212472
528489
237066
632956
142574
907902
297368
960779
462200
885048
72611
721043
127779
849666
473799
768737
466205
156920
981631
470709
829114
240983
389575
674874
747937
713020
103682
512425
144111
838996
331515
133203
566341
263894
244687
609269
566746
841890
810387
307131
976449
61604
909462
623794
453185
888085
942267
512795
938999
246338
43556
377755
248361
769193
535319
472701
436427
898119
441123
300074
31756
129635
177540
542893
800645
7356
604944
489964
440224
30143
936853
827927
820185
863336
118309
467760
522003
209392
509882
507780
774533
582793
669324
380386
306234
907263
508834
309598
164641
325932
144240
270976
979038
549471
105950
570961
203861
635586
142775
147254
396726
439964
442288
871913
692507
17753
621817
982912
820854
599065
275577
36220
439745
152452
68742
550673
410611
175735
543090
115322
270005
478294
839723
915637
657157
136228
295317
88038
725714
672544
393592
626346
65036
589800
50943
211144
440562
765090
662098
239776
741681
921647
925083
326339
487041
509545
909104
735060
91178
593325
745283
866843
300666
766988
237460
83329
803709
419787
543436
5685
207789
561462
316554
865179
482796
330068
119239
695926
840953
181358
175671
504590
4015
562336
163636
512691
647943
511537
176625
30552
676646
120966
771918
407721
581694
169926
633603
714615
220567
849216
970994
353309
666681
93036
246057
618780
891416
273806
197156
708394
343046
506245
308898
969058
946086
429257
219768
438168
486149
596795
652968
197823
612047
978594
243231
471169
84838
493271
920408
988744
536418
288392
813323
718251
426309
330597
76342
519763
339545
91467
194837
803125
740923
547960
667752
81072
39709
164386
514542
804884
33320
546005
190559
479851
829621
297846
70659
325720
676706
443280
244288
615152
655250
441505
122070
272161
965015
91870
205387
821697
86545
687143
317919
955202
758674
897375
756121
243697
175767
459539
683116
787098
887573
525287
291381
457745
283516
769475
412607
35231
621052
207467
303229
897005
721639
36801
729539
117985
188033
788978
792255
812163
40450
138089
32412
818330
446476
713256
775152
366120
754736
67771
864267
318989
606919
949770
134235
844544
936616
494283
411859
197987
623509
373792
908670
803490
971689
105532
937051
205751
523618
936105
597026
945757
485901
56632
136888
713718
87304
465562
611925
273541
272617
331923
835322
778374
609821
666677
890098
291487
981271
790198
262612
704309
153761
341188
786412
363064
246774
946671
713697
941545
368373
63890
532806
348741
52940
683425
54176
485761
945712
647664
154912
525847
356183
958261
943815
621440
308950
747643
924711
393393
843957
171984
708437
558851
672424
208889
153586
739564
44877
516707
126242
254029
223965
946580
859614
957894
613005
327778
511990
940233
863355
277987
969465
706794
131704
919298
538845
479935
605257
196137
188182
559641
349405
366830
360441
908563
955633
253825
101037
347626
752949
989236
588706
16373
946099
876524
948018
859964
74347
824679
505987
725097
317661
202788
791939
275472
601716
145034
382166
86925
839282
732552
109585
259866
211047
491850
275477
319198
329614
11123
605393
304189
86568
191719
475650
386792
599810
773105
773119
915996
847385
927730
901602
742691
485778
8156
12619
158527
719461
594854
559369
495199
76065
846575
285982
886407
799574
997232
608670
668152
504724
668830
358494
320380
414536
283842
835296
635664
968245
152
461404
527548
272984
531144
44965
70400
7852
439805
687635
331326
150173
945145
810215
788899
489541
734735
675441
449295
873773
786994
10775
47438
326254
159637
170081
453764
282241
783171
378186
988912
850181
128691
308580
780891
582410
115546
741329
713419
691849
227457
947466
877293
311880
58171
613977
171180
324471
425308
754450
968011
209276
357494
438507
878391
905076
8725
280727
816633
134059
331933
21508
243650
845480
380876
539449
285238
306499
943743
722499
865694
843881
106526
15683
340506
546466
932484
687627
457978
611040
552683
278363
695289
899619
980843
502531
817281
110667
701823
853458
854134
375904
70963
5316
201012
690814
613706
167514
896780
121617
75575
10888
71939
378612
650741
977329
446047
813281
876645
736810
619776
529280
105282
373839
997046
997483
655801
689845
342691
816462
963200
342030
727620
159182
214252
930975
42628
156228
722531
410804
505887
736262
775210
808369
705383
364622
765671
614640
961192
250015
654686
175250
127084
221337
985967
568807
262297
516457
486897
474389
319176
327362
325489
996922
224901
129285
115622
411900
554478
785029
114818
869619
273144
906136
939415
995038
719084
228431
644914
833297
344294
355962
524554
559822
148045
161672
373685
581205
785344
789008
403914
418791
203945
757894
911421
794907
786621
220368
333371
778228
450056
980938
251332
760157
938905
825301
719481
538220
749540
884908
5245
43324
811249
338243
980355
243986
74004
873626
102449
636097
515356
66456
560491
890682
405423
157374
337191
361029
982585
701025
771060
897275
40098
295524
960055
830795
651417
966355
145048
767922
887842
404015
423004
930567
256225
636092
690292
993291
342315
255115
393189
771631
959604
466504
540316
243794
814666
687945
449164
951128
442098
48377
154366
341715
765628
281820
69823
260606
77399
992282
681803
342875
3755
45366
540290
995603
552352
504862
321100
806765
613335
697434
402941
41482
582458
351903
238427
950197
999216
551109
913587
733030
113880
791302
433439
15008
986016
435238
731501
400556
1896
29445
337938
589309
958917
363972
899751
415945
461025
729808
393117
570835
561921
942062
175689
640127
712647
722671
784295
485308
117807
82996
289799
322981
950584
477145
915880
952809
769274
452916
969300
92720
497179
518769
953159
461002
214445
306825
761956
99467
143298
334886
732416
578477
221361
668012
850975
762909
636396
105286
984138
172644
228854
293708
607679
352820
737640
158037
122003
23908
816005
440422
314784
592510
570443
203527
313232
175538
909801
162743
943645
610178
588342
471382
56734
34852
451231
510089
704065
294864
49961
125265
59867
246397
285380
666797
358633
477327
540810
896236
575937
488463
686599
236721
314081
7891
235178
358526
475108
56307
404051
970892
613207
187655
358067
651615
185423
742129
690296
824023
663496
420321
834957
425809
416427
599363
729855
500878
487114
924803
402565
653244
939018
727232
985931
635754
677382
372702
72223
275484
577901
480616
710415
646598
835425
165894
974677
493524
482277
427371
989244
830508
273244
656162
470702
303497
935223
627217
170668
163664
238531
420105
877338
470873
713155
160382
332254
682962
80351
574910
40933
122443
611340
120035
959147
262589
695180
977391
706773
816500
57899
834553
446988
587987
867387
249866
863728
884028
618772
52334
210193
349932
600084
776807
331767
581130
496712
793220
818804
263783
334375
802354
403134
38715
34802
652606
553935
714911
899025
247993
106130
737563
764376
90957
937068
351361
575678
915121
73839
8326
37584
115624
861991
312540
892178
828136
385368
174945
660920
282703
763788
355523
669338
341501
791778
787180
506593
114251
216160
510020
166025
888532
582658
6286
7417
683668
971761
780413
661088
93383
956817
473315
111877
73273
398752
326936
397960
18803
819532
736563
402320
412478
200512
780696
748419
860418
149911
755512
675132
220659
304115
374978
203336
347272
678756
958659
868538
985702
953336
892230
237342
919847
277366
91417
196305
945267
512008
925388
344730
773571
75627
324287
634909
235273
431193
219728
333764
257487
640174
335039
503877
685278
633789
957409
68065
719573
979388
550598
689872
974708
969964
276801
537795
369205
26238
22812
456766
931297
855713
984166
716326
454636
336052
481882
178863
268679
441390
855034
977022
757701
146382
422072
83722
839068
829827
125858
43320
63017
339786
202499
546391
766567
665933
777214
136983
149884
944395
204254
95563
36171
970841
889019
24608
143610
728534
494689
228821
912909
898982
537215
544156
626874
507098
574458
441756
93767
553837
689337
533001
318274
723038
662598
956334
26105
560882
968925
876697
44819
64088
169697
442951
366521
323726
631669
728246
716068
663756
831662
625527
692609
456590
781333
897538
6847
67432
502716
748028
601826
746374
834879
439114
693847
212206
626929
995406
486532
158274
263518
4165
83174
174660
25348
655036
186678
140248
715566
890367
123662
103186
638191
592824
527698
987623
279339
340480
367390
360037
938730
965040
85946
24815
306196
41543
327377
656942
223124
860763
408853
403566
810785
169030
326687
807065
316614
922641
36982
753320
146268
516855
922274
344120
89712
675391
613373
311324
194755
743359
821261
39211
752155
276575
258102
98772
812392
952651
95370
714037
150524
543090
231911
355058
628541
350357
231407
969412
468933
169090
475468
13508
483966
817023
809361
745369
745477
936953
774050
868286
66350
684062
667761
202961
827288
605139
891734
27258
276156
913720
405230
838815
5974
44795
42739
210436
114260
828436
748311
743168
388383
950589
994988
668001
324947
728667
935090
840435
783455
814020
296717
110335
461461
419661
856582
81433
169043
166141
169523
626762
836256
43633
570547
849790
448508
774939
898984
833112
149179
887455
695704
29573
333595
299050
2708
771849
881277
749808
892263
945333
127924
969214
787952
714721
42878
264809
31126
915491
896155
999536
389645
131277
501759
632838
427353
49096
847451
127522
842914
190161
573206
545766
417037
672094
670321
887102
849525
308913
314426
450638
662708
6746
308577
686811
991300
2024
842705
436340
628999
878354
383933
74057
515902
668433
473518
793475
362021
99762
490192
206298
479283
374348
55431
698888
272991
172265
158617
129035
194013
702414
821467
608082
823687
902247
760361
34535
642199
979908
616017
892692
103872
345650
583830
470048
509659
943174
939866
270411
495439
858728
449814
435440
990905
116521
144755
434245
11740
453742
477504
59651
868474
169884
620934
513111
128843
728092
903411
805283
943664
814592
377121
675781
961272
899123
681308
997805
379811
278541
489790
26338
100171
411496
350530
643637
74380
271545
243415
602194
855676
946068
79068
984059
22686
173126
244975
176497
258748
810912
229894
787903
357932
414679
262160
419050
936347
625553
8815
284247
29575
180906
122422
106437
882196
862532
71887
991361
507526
190861
400077
104481
425661
726514
738075
996047
439849
10100
997467
773084
48628
876381
91897
314104
830444
450204
863424
98290
487415
321742
703467
982456
383023
762813
541769
9225
882934
475661
596519
200292
572688
586787
820191
62075
232125
703478
474214
431871
264698
478937
364059
704222
602531
160424
736273
200387
381328
852581
417406
882635
598726
597968
462252
877637
365330
170787
403448
800926
116631
897772
403630
548809
881057
754496
733161
227397
683164
918531
48598
979392
132687
537408
895810
454194
416092
576276
222535
337764
20253
260986
938906
500178
737706
791323
470398
508579
73809
81927
49268
310923
684018
624700
712150
787807
912646
654717
942983
800376
970955
226049
524715
143306
143260
678654
78276
928921
240757
194524
10064
142366
674968
141668
207039
189729
191899
531501
606966
344237
264194
508863
11745
453288
862035
897208
302799
791058
343783
414341
427962
122802
453111
646396
845558
727892
892781
378143
204787
843579
18043
706606
811111
995046
444237
753659
274113
606073
980801
339887
597327
931632
657151
100245
666400
434360
688781
590793
21439
569708
713487
81795
519679
527051
553289
739688
932805
887071
717507
456435
18373
670421
829164
820516
816384
376866
585232
780985
368997
615436
324565
311973
130273
862273
155010
386549
235025
642266
5806
997179
988876
683461
576710
979672
989409
499994
827612
334727
659242
291541
564377
644554
808700
389068
239700
630171
78411
50184
105565
807381
543223
997304
128559
14870
758618
657409
498576
572595
454301
435002
710169
69419
544604
29683
784003
987571
583334
149244
619624
692011
342744
652808
317713
370629
319027
626518
70150
574268
855347
652303
834928
920696
644025
858721
188984
958949
451256
845030
750594
9792
562923
454284
597186
304098
5249
171284
591293
115215
170974
775824
616455
396196
697504
251554
634927
110569
128681
273699
446828
820804
174839
139229
577998
459100
100083
313401
308961
490359
303259
14523
970218
687776
223956
179117
102654
744383
701137
737413
491344
479600
484069
363724
751076
804845
203180
151020
30943
953972
647919
195106
666456
858205
600173
345018
561400
394758
148383
975415
522458
443418
732788
550496
956984
320056
193817
656785
379942
478682
219811
842950
599641
243102
975934
289941
185686
333601
128096
794082
300914
223757
367723
604412
553483
127376
564014
432961
678559
987541
352975
626193
953421
537222
901737
639192
428716
545377
632979
760163
206779
941673
611601
148046
842866
596351
389101
148346
217581
389991
922454
858402
360896
375888
306233
868145
810557
82371
263660
590546
646764
62640
631528
233636
576614
174801
996836
416325
122043
782101
314161
833789
583717
565562
741614
584405
817346
82865
406437
845560
582848
836827
742977
169054
554218
342561
76726
63944
63097
475072
625928
493708
82774
350002
318582
740762
250893
183923
769685
890088
286453
833619
43335
506165
19745
659394
138260
245848
444597
965818
472491
57905
192054
90124
997281
361407
130874
409913
865005
464178
588109
569497
280820
537368
74402
556474
197144
136490
302096
534670
464624
926049
403472
346885
478165
302608
193632
524750
492543
971899
669261
168389
164597
190211
811982
980057
304555
323095
825704
161623
108500
858418
968458
589636
101500
758407
288239
299306
804181
496397
914908
7152
745688
539769
168210
775232
605442
317399
626927
687207
131196
665893
308159
882546
359479
585764
54071
546174
779299
177340
442396
744982
534402
598667
841499
367684
594656
500455
881294
733519
124822
967981
865726
182187
368082
525129
427790
179044
432803
905275
90642
218037
29209
325303
663465
383258
120006
95355
269411
880235
530307
718623
546299
69045
76974
486357
474891
534662
388469
615079
751243
855868
764651
897785
76192
630183
710554
650571
732661
335625
674608
69187
240825
800543
859382
302587
570503
822501
892456
862830
180677
584384
436528
97357
897820
19433
126036
298656
798118
239367
270947
997733
305645
522393
398893
925292
630393
66205
770320
793629
123368
305596
243120
8691
359603
80158
365097
682208
195284
995077
639398
836936
10659
909425
639407
213418
381498
645220
721806
456363
85829
49127
551561
414225
827390
770469
138713
93485
822291
788178
341216
926697
389593
270600
58105
703261
917930
783223
617620
565342
143634
861540
271511
608786
456125
227638
305935
572031
406228
498886
597539
43682
621333
648466
566425
695891
967605
680422
29710
779270
528369
684292
669741
106011
576530
224800
643104
527850
354339
826897
225043
826204
570538
827413
980635
675400
779130
586863
816000
790650
550388
634571
24793
862906
989417
458861
232803
127714
537856
379779
495654
245099
129900
791225
831261
642465
279280
526274
73394
249516
603684
959941
475095
21540
895464
135532
610246
405206
88725
362560
991855
687325
580791
715709
366608
347461
801779
901854
850847
214266
914257
319607
975382
553123
749531
165968
609885
419646
346547
249057
110414
112283
97260
253381
884047
447441
369856
8098
54293
187451
422787
367780
804003
37135
148585
662757
660359
590872
720426
774800
738239
501448
85700
479479
281817
450831
157390
464408
726896
28604
585238
78037
970663
821960
361066
882706
233938
175465
602204
280526
946214
270869
394106
274769
646355
56530
797779
383876
576155
98768
251068
11781
286764
310822
498352
95822
286858
898023
26734
453437
37397
121536
654667
824015
650442
842271
142888
968409
515497
695697
970747
379803
133933
320544
972416
99886
256841
256581
671058
278669
100284
122166
961365
649369
965616
94331
722599
598768
436236
988069
169290
134491
51783
658431
127349
679583
767100
541033
359751
161247
783890
912994
247260
101332
905267
623006
623423
231911
467158
651149
552661
545701
461674
592976
60358
937211
891414
122663
754652
568895
139846
205506
967776
154125
966920
527942
339969
970039
938738
488986
477851
279065
548683
44191
386076
551301
976191
738606
481010
687749
145387
597479
780439
938750
429753
614518
895165
937239
583378
522932
859857
715693
414357
153969
784944
246587
807612
859796
584287
284095
640627
937725
167641
952578
356351
470601
920868
17048
833391
565532
236327
682326
688466
302621
112634
607254
67803
791976
270285
821691
545657
307919
994017
298244
675872
424736
327834
905717
982105
568722
569855
446933
589507
52353
996849
489303
387091
356781
736998
510012
19777
430862
999399
505556
303749
664751
613293
280501
704303
239666
570082
18906
661985
342784
246560
195706
751346
460975
47652
573951
679166
378285
817385
560407
265799
813305
506719
17410
629274
122268
813348
341385
926905
568198
635542
406526
641940
738102
895736
696957
8463
337819
578949
38366
204832
75140
338242
294032
190194
980031
627911
147394
768382
212344
27066
158558
486597
414331
116843
237401
122284
891006
502716
941110
754523
76560
145664
650366
946647
892021
500253
399382
834224
827306
239982
133572
133047
994189
650049
857054
649888
986000
313347
191537
131737
615680
98548
150977
728590
553405
299041
654170
610415
555264
943717
78069
213250
365963
682484
880495
147213
222502
365330
183302
598877
356095
756712
611077
541547
687955
655196
33957
152168
642492
581338
86921
441648
293973
376369
847597
820858
52
899072
791081
43137
126263
966308
863223
537440
314818
960167
399983
506756
114417
791848
956943
304689
