631646
742035
115158
761952
224775
80280
390256
685875
114756
822335
8592
716669
78394
956104
548893
412544
76190
292604
903488
906103
729642
769583
411776
41464
108553
42987
997894
764170
299159
772228
353218
942746
181233
851235
632944
885662
837065
360439
429911
449013
324146
215327
426208
331894
979619
999846
128664
397021
148051
598715
363655
189130
71325
272202
177645
235178
983692
912731
296607
925079
237919
169664
364414
220267
155201
688890
289447
796161
703557
598477
297963
374146
767222
659704
355495
217075
790546
877756
1373
769817
43440
444488
406461
261954
383857
619361
607589
551938
753641
900301
950476
120272
754418
437979
990517
974428
550735
378017
630430
904982
459481
844659
125046
173608
736422
586656
585571
935
723856
431441
823944
211639
235310
353541
210717
240536
519545
807611
761987
521393
703690
473089
739688
874704
858882
301052
806368
598918
261504
694578
418795
319932
16635
157502
250738
672185
535075
651731
569170
255327
908801
808321
337381
683180
187009
386975
251007
847115
394684
364021
487217
352333
566183
524663
28906
988616
689315
554858
984777
782987
727617
846067
599305
661428
255462
569529
960755
590565
665759
463067
630673
603418
691775
52660
650918
288319
663328
828705
722461
592633
38726
69890
931399
675697
34489
107346
882333
338376
298443
65454
582205
959490
758330
883767
348403
210928
808228
395600
626173
735911
547683
841547
676891
912801
580794
800652
253071
777187
17230
470099
336448
440777
472688
621157
369625
735149
152094
446674
985940
247158
964933
156556
283057
411592
420259
658984
753947
875786
917970
262442
928168
742740
628498
812332
916398
387782
41054
691915
609037
446900
920033
722525
619951
446588
959798
967580
116540
744584
138009
350802
584325
849809
361552
72829
325829
617326
848807
263927
989007
905951
263699
461747
448899
154930
60981
825403
5677
187936
49688
279826
456386
24038
712822
283130
178586
45343
347001
500079
470172
716506
857447
37564
4985
939980
789499
330653
539401
85535
508362
168107
582522
527264
225078
125790
504357
283345
170823
223928
773332
635343
726331
948429
458948
478684
186534
321513
709674
535742
895151
71155
164582
19608
597987
518186
500626
355516
35625
875449
750769
994038
865554
318164
202419
385090
527790
366386
962210
352043
41950
181068
932606
988695
108053
854053
454459
824627
913531
496768
944492
790322
317586
246259
249943
486232
526941
145695
220111
597658
471248
481793
809900
254385
651726
478252
568040
597646
332959
134576
900683
95397
764589
113088
951931
448961
989667
393031
603265
389542
851986
500357
655894
354029
142234
740606
831948
110698
292787
986584
123813
406881
742704
316367
669449
1337
580002
892204
620769
655961
577572
325958
376224
143256
74487
228636
229124
230623
29052
990088
786690
164113
412350
452187
921630
212914
522129
834591
778623
200706
694466
652789
672565
371570
36665
925488
886497
300967
884865
468436
516839
782753
643517
512563
837561
591720
555948
898840
122893
26746
160102
699144
686404
688263
43838
778575
710832
24076
954150
427634
656039
641095
749969
644793
229784
660703
875515
733510
810761
131547
18820
197397
412499
15966
472100
804992
41801
389236
52105
912817
628987
886707
632480
210246
782767
938816
704439
426021
680558
179684
324730
809277
321045
230330
71058
869006
411922
867806
997726
636882
214677
900116
645262
928190
868599
879896
313711
673420
324928
534391
224230
388250
790742
692758
562419
345116
947983
222204
813707
957343
138808
719649
