198931
764286
188348
263461
382419
853009
334920
313473
457748
505201
90039
137100
991464
968955
896103
732548
171808
913936
946618
70559
20231
938119
618091
854755
474896
76372
984870
31471
914660
848636
563857
519763
295892
407426
518446
884930
284860
768046
205264
276349
597205
148055
591553
853283
994347
415761
200299
186482
798833
941282
83329
602498
234362
166722
393295
221380
809264
523733
980636
873381
397891
644415
482219
761665
246136
774749
472084
937567
118616
538680
497041
466767
259062
254562
701346
95705
690001
298902
373506
472132
181862
416031
851139
530161
861271
105777
425072
234521
695829
13028
677780
338080
172469
407835
928679
435910
824919
670934
678128
181284
140243
329335
9894
378209
8559
565405
908205
61621
630700
960013
650610
298757
650777
734991
436345
920854
839699
403358
721079
769693
459174
541736
334645
679714
898705
410355
6544
103200
884695
618424
278210
195704
160909
303127
414435
127234
484369
812026
126316
905103
403262
730024
111395
280449
262503
200084
932785
801523
870535
648633
336145
487195
743291
230025
825826
320105
354446
394595
270399
580581
840338
391664
388719
159678
164167
632411
440687
396382
62351
636633
368911
919654
801923
520580
700155
356964
393663
486238
482645
917818
33401
504845
632677
654377
294848
689854
368017
570500
660819
703488
6317
421657
696424
319901
228590
216283
829700
468437
157296
607738
34468
421489
483110
652879
541377
542228
289727
253219
91091
682046
170681
361074
355619
308937
70901
860539
413339
20827
5052
89771
71667
734165
642993
389073
912039
874569
176100
711313
198602
625336
781893
467087
631092
331401
737510
743429
300678
84719
829109
818677
473785
70553
453595
930794
746948
920460
774223
284945
831502
835682
822580
100363
815142
761000
791939
644180
46296
998017
353998
790471
741844
485431
416984
933856
638236
49303
360185
859683
439482
397570
318009
408150
948852
549203
420054
833141
472924
179240
254616
493029
682616
358330
730607
793558
179876
293104
113800
748154
65645
984566
886383
688867
630908
56509
784205
320880
510525
610534
22747
115790
41361
483796
879234
402437
957582
271210
718527
417540
37725
332283
308168
821472
163351
156359
17989
973209
344048
757108
798235
867397
573549
631872
576741
883380
959484
618763
136706
115766
807195
320590
763965
540800
560644
638365
612810
414725
28348
877486
838283
520104
155094
337146
489718
309237
401007
982607
709254
390406
776500
518895
609313
301210
333428
773189
374189
364636
382133
793542
4788
713134
695608
140934
980387
501805
384830
276799
707590
359651
197267
113925
517786
321086
642817
349390
917274
238937
500353
500223
121415
226908
351788
282604
776231
723661
115058
944405
957770
771912
360050
226267
735646
900289
153539
903285
84543
477336
220935
370890
481362
526225
853461
938433
863652
56427
591253
606550
465641
745703
79
381657
796550
672920
589694
684537
513427
635681
295880
221683
529738
664165
164852
885868
219758
997080
719244
211212
968266
529731
242990
930092
255880
718587
49151
403247
578550
929714
364504
366620
90832
582894
940373
586844
604483
360992
884997
310208
216386
636308
420620
339085
976693
590329
933100
710113
761568
654827
481133
425117
785408
635727
256983
114300
260822
667742
254244
319436
478604
940673
777161
930654
416838
560476
826204
218523
530786
119487
558364
659403
88804
685998
243256
489602
437777
775906
957041
929743
300824
522643
103289
29725
288991
833917
33059
396215
302257
299755
111077
125259
853387
782710
751230
241995
69253
510964
616519
430789
258196
853724
852058
134715
380954
752115
142389
331215
684870
669354
948265
651326
725140
233170
770652
241052
140569
552625
177235
447852
999282
991904
448319
66706
369418
681287
910094
647908
619703
358026
814115
347717
294644
73749
861992
193269
376619
58017
685899
854514
822510
150037
382567
873420
858286
592922
582598
133524
784037
962792
88201
219568
545328
307603
579981
356727
730150
926573
71846
499869
900262
634029
449831
833905
627195
892008
262838
667285
905974
976823
381931
878151
296200
657028
680179
74642
672585
880295
764120
139266
117897
970755
6344
960018
307189
58170
100011
736251
508998
144562
504734
788138
182064
620459
214337
75889
976037
918041
768378
555928
838166
274891
908368
246526
753720
137260
306408
75686
461375
56520
669376
177602
295893
859823
120174
16384
969864
515509
917653
535480
696055
870606
769765
312175
38873
201352
952736
781191
217382
392756
959145
713144
326984
821040
260424
213596
584871
666275
545192
23397
277475
843978
359673
208302
71852
630412
16574
888589
833956
580569
640142
136559
754681
892139
763629
791164
801401
657022
631724
13940
811933
534375
743749
512534
886719
450952
254213
176969
213220
125567
205246
711842
747908
401593
311425
814795
368993
230994
628561
777349
392563
703580
551939
658186
848763
78044
189550
839255
743880
441534
557168
613577
769207
456060
467646
852981
601087
874419
926852
830599
71530
922056
60084
253946
126042
31343
895691
208564
903142
776907
477641
751031
763217
459751
892298
526935
970933
13287
930198
140107
305680
60732
745211
616224
412525
889209
579610
503517
467517
863285
726926
752752
95640
440496
990641
897541
609840
250653
985341
977854
309998
432329
237716
265824
792086
135569
199896
51980
375982
746711
942672
437388
155690
715254
636613
274924
438883
912300
699949
465720
136540
98678
950438
798937
604675
86080
698757
869243
902903
405973
981464
301373
532072
42134
19479
284744
590549
17716
686242
780902
115698
965188
514774
889984
28119
547002
697297
758202
809077
852694
161436
845622
498958
699322
617169
590825
211209
274971
517932
419616
947319
635712
528264
824437
2880
634614
33813
766780
703331
617147
82332
708046
468510
555480
818947
226891
251313
708952
905859
637004
152684
616641
469737
38384
487410
404140
907009
134818
10817
983179
897600
54939
266011
134000
589551
589774
304232
163384
634815
900225
400586
451021
44683
998065
598824
80951
709059
619595
779094
891594
750951
45273
702901
636496
421762
956044
487246
955965
666360
528199
85522
293922
673911
163744
700387
769633
316087
278256
547226
300834
617450
809750
916799
420902
827025
90043
250166
223863
148694
290917
635366
856958
424648
363847
498308
32213
491879
255361
349793
926536
594341
572953
998775
273456
366302
156199
538891
214986
412426
842847
784171
427718
502127
57177
416317
107326
485902
64801
899461
653589
99078
857936
896117
788628
252135
870505
981554
201119
466903
377499
36799
926582
672508
721429
214534
243347
453340
820107
194856
18400
768301
422916
60119
299873
705783
607576
883595
924711
978142
816003
654140
112962
646103
501207
794174
54366
354790
188930
396638
879622
722240
599532
205608
979372
220246
612088
587188
855815
724242
18581
775956
975931
342679
716196
801875
304098
372308
361591
106368
632673
756893
354284
35391
815003
952781
173504
863367
618685
698468
236832
242858
931277
898356
681286
903427
91946
709130
697549
992913
192853
666520
447174
909326
393782
949654
761536
982896
95973
101523
214548
870378
856520
920553
10514
997025
297762
134324
451788
624756
559589
620364
370001
196507
947073
107589
537577
281202
95644
583562
195768
773734
41758
338935
990156
342472
865870
542319
302094
331604
136739
167556
454679
457285
793539
12821
521779
616978
108576
546336
109381
927243
492442
243602
198752
472509
43735
582573
161612
308799
335550
872706
664978
513209
474869
179692
425962
479820
693851
33106
519501
110187
675505
689053
726723
446823
802750
833976
918313
479225
170321
851718
677895
534197
610704
594901
13131
84827
765239
295519
333651
350383
35245
547759
644727
522639
766878
742326
963669
859466
388559
654935
231507
393233
887440
636913
745450
784421
263901
116990
191169
38679
906271
55879
870688
810520
167277
292394
886098
450478
407131
197748
369017
229302
536444
601259
665351
490705
933811
956004
161262
436165
518576
739036
644907
536073
149540
659147
403216
451262
173112
786915
394637
959275
184438
324070
578557
742703
608203
315010
719518
520055
776985
209797
791337
695671
818072
510976
567939
228713
157826
740837
668733
156437
683496
890659
889500
509130
169128
924810
151597
81352
617444
714046
181529
825489
61884
795118
753564
509292
278083
949882
900043
993610
654758
964784
358194
185249
177494
515746
55341
844597
571585
399759
760823
827129
465056
634243
285742
339113
951966
904938
130624
50961
129516
674685
924383
408534
48720
589057
235617
459790
883597
784806
20992
313576
540898
69032
252786
48191
185858
509011
252638
25072
446673
942013
462108
782409
613070
937313
695329
853376
688997
172033
910216
750046
864184
106455
493843
209067
952292
766648
698589
830419
965429
802070
786638
911439
68452
718541
357185
6963
146603
62446
672567
232583
733507
295726
313649
970851
366239
488698
961812
946103
14720
555470
174019
933212
963094
229293
3496
389789
489853
558984
209870
96812
700726
762100
485490
788933
113448
470517
164793
753689
46534
557343
845703
81898
161369
544846
391178
740686
390957
709454
329301
259965
661109
177570
965933
356077
74939
694229
120085
467730
102245
600210
819737
952094
565313
15212
594520
106486
24444
645035
809413
979399
667987
176827
301460
335659
970672
286535
994035
504469
896459
60658
280752
242980
185576
348261
324097
617192
688828
779068
85201
220121
784520
535890
600863
190818
875275
260209
589059
876255
117046
349622
395937
432589
951501
365612
770638
70282
783195
155238
338834
451780
559354
64270
713851
432062
231750
709005
411133
898339
953080
513086
821013
672944
724792
451156
917486
469279
137363
644095
488718
421127
143982
643486
716649
450641
375532
296323
585587
720296
142766
6592
722362
614419
244397
285385
35519
450367
360060
33806
970691
851552
405525
769596
336744
604718
531524
487574
30975
639263
184329
409697
960627
396997
723881
202393
778490
54048
470085
274919
194929
373364
256806
379762
28734
488447
391265
370083
563399
434345
33950
780209
601529
942333
602414
51991
399465
636677
30240
389905
916799
29563
660618
656237
705096
422891
972630
434255
213662
473871
684103
388568
652925
818113
958934
469225
213955
526867
123712
54994
310562
897261
663511
695078
396652
74394
190159
116196
915455
305135
143772
212820
487208
234565
90909
374940
397956
861953
408043
389463
369706
169946
630171
121865
9063
807573
43931
432807
796384
219594
781301
150043
434099
283909
129559
915885
411207
591136
681164
172587
695510
396536
182550
250991
101292
881824
909807
611247
431082
844864
900762
780066
109954
190039
140295
245651
177114
981952
874248
45839
983346
681136
474582
133015
506965
154691
731565
642265
811956
892342
255990
309310
558530
570295
796016
749948
88458
799983
279748
682581
126719
544924
100445
358230
892066
921668
115516
278097
872699
682420
145284
177143
186240
578037
708658
25171
460730
865555
271329
38766
562033
753820
151845
452410
995485
273045
72704
103457
521711
571576
370369
363320
510702
207963
850529
344777
240295
711665
264050
334483
60341
476001
137929
307876
898532
682673
605114
269604
419681
949884
987445
577254
711594
262319
874528
375861
801493
648490
376411
47360
220898
151585
536052
115585
43616
88226
342868
465060
440340
278210
341655
306347
743761
935363
510735
468300
31332
66923
465363
651566
602637
954517
168031
502231
132950
237572
919254
979805
522160
194017
133246
571564
323058
747708
2443
930359
957079
683890
80698
276314
964969
488840
635636
215162
664966
614882
483413
784695
172802
784192
501195
163770
554863
448399
119526
78568
791740
204299
17181
98002
886304
466591
698061
167609
880324
997036
371314
500452
707894
385764
713070
592387
817999
172290
90186
875472
299285
128976
854129
324821
263139
696318
369284
768898
514780
71344
633562
461614
50437
775145
501409
137299
399709
769918
568308
729661
888043
956318
180329
367876
367001
293883
782509
651896
821186
103713
220961
508452
44952
856729
71782
617294
999655
557999
967349
937704
16521
396485
959167
179973
49847
478040
495054
545520
83247
800526
619134
657615
516650
139444
636568
490394
229104
750769
656308
538225
761605
37260
164278
119974
310646
513271
130913
716118
948231
435547
815080
185235
459720
914425
126883
26566
140945
304119
606011
410758
178690
974408
333978
33805
981476
457994
909917
223815
742986
117826
371283
644550
539152
328273
451167
306154
2778
366418
615887
647498
3960
576417
424518
529411
897384
464339
14361
71733
167562
401135
856085
363655
800466
188326
217188
784294
154156
139351
129532
168999
985401
893533
567562
447159
746980
167586
527074
855761
660513
983776
513272
157001
464733
443195
820339
811535
788479
104430
798228
32994
282095
811987
760648
276071
271929
194090
778067
790506
170964
548961
206354
536012
225718
59178
580654
732325
412105
830355
700712
785717
970609
220836
757234
404253
568867
680235
260382
897463
825704
221013
716076
294322
351460
424082
952268
356975
1890
76220
196657
801563
90876
727491
977741
772479
183831
876665
892574
758185
263645
571649
941754
972509
924737
605085
469275
485246
171025
9058
869085
315722
301939
540595
369977
617502
803448
746870
743926
511377
21132
717961
804857
285017
895044
113294
688296
563635
942042
351048
789790
200953
943942
15132
700303
403404
54887
740323
303019
662468
213663
583199
256497
867255
94891
804922
561417
32143
959100
464618
355727
572951
146012
311975
653898
625163
65557
870560
700459
122543
288278
229568
285205
278962
556550
825335
451969
974146
604572
405234
24074
432704
702840
138415
808698
117344
773547
914037
250218
418759
150751
818017
662385
450203
417440
466175
750636
161109
129696
137283
228411
454613
635612
875074
137123
547252
38041
307995
377759
595247
670649
604107
81266
644471
608278
279124
963642
235977
914643
607328
779507
365940
667424
847941
435677
915537
432855
127898
722227
609043
745925
915569
781715
437498
909026
57847
789718
62169
189375
896646
255955
104695
169768
937937
52221
710745
294466
853568
5290
850459
836231
381773
907395
238995
926422
561944
917987
1862
495305
506642
291257
578948
852948
531769
778730
823916
746021
592212
539227
711400
557593
156069
165776
640663
214779
196189
557624
677143
265346
701091
638080
290275
537178
914719
246687
230632
94170
148704
829166
731443
881872
595637
502375
182291
609557
516414
290922
283344
674963
980814
641317
368570
304831
879960
83131
828652
291003
521046
960250
481472
871959
832625
912191
706738
504453
813138
78645
722816
376042
582236
61167
195202
273722
305644
204416
624161
138776
796955
253621
13738
107953
570986
75981
620622
559430
396761
242376
266103
805669
88865
109126
148229
681479
281969
733959
380603
464813
473639
533161
667336
661047
952284
162647
372423
996166
197951
524849
897973
501182
426471
811541
809831
484610
210672
294972
908918
961696
837374
162874
97479
196425
839016
856060
663207
126192
832164
467366
966305
133984
345015
674727
489269
317143
141795
340553
597722
873985
184645
71413
265323
962827
6317
395631
88062
268016
659057
844258
166165
861544
636745
695808
33053
53310
610103
237756
206983
949210
992938
705496
623504
366455
555576
566197
509423
193716
208973
791835
496028
113939
972687
674988
331403
333524
992568
906189
555916
588017
231236
394740
139143
447342
344918
971348
466177
957544
598534
339895
954370
585593
784646
430377
798516
406145
501793
715721
751329
295452
975423
932086
712107
567742
97882
840796
335650
913223
86468
655508
715536
960873
637698
458356
954209
283750
786653
419857
589700
358666
82633
952401
612041
721571
704576
708281
442613
100752
615203
732909
552044
215390
141570
513575
229328
838966
293594
392086
533267
931842
768330
758511
162243
99060
661414
799302
57123
192544
933436
125675
485808
922464
735675
209079
415604
431876
395816
191117
480081
878619
642756
803260
187588
992446
819435
71668
387826
269122
434646
25868
14670
965725
314774
620554
988491
683641
874591
86953
394545
358982
783177
606528
281179
212332
662010
552973
540744
430366
645773
92937
863767
849356
198262
936033
311137
904571
438564
533393
721818
695170
371161
322586
461306
953997
985571
185222
619610
867117
425346
678763
278423
515741
833216
40219
753384
662411
812074
144225
225445
903370
764238
947979
91307
399715
740586
98689
597736
666598
651635
520131
291243
282853
85814
950359
486670
110453
186794
852410
273841
362794
877710
285142
292465
385852
934338
357275
889102
361846
265467
879527
257327
361993
702172
853651
704854
560020
894446
881597
50245
460207
681183
126367
882192
332203
629604
60617
603410
971667
454992
983745
56937
100520
825982
83616
505114
492193
749135
846282
71660
716027
158479
873487
521351
997241
693926
646676
434703
135883
549278
633500
50348
932045
561891
434798
785384
887928
900969
812542
984252
181587
442624
375558
481880
629203
778166
804565
219008
323406
887770
66254
508791
749975
375112
180422
848745
774113
763817
412920
778330
522779
844559
959480
600684
885298
167966
70681
573849
642400
730938
589090
693349
222859
333975
586027
644958
242223
101938
222389
895083
696411
276347
706108
973307
623056
954513
683632
351456
883626
724783
69506
478742
132392
541556
14561
161130
922406
860617
120544
209880
13618
205002
677656
838909
681755
792259
85465
251666
464329
506554
943005
990353
936127
507659
353151
870065
515096
433893
910106
78732
595196
892160
896819
831548
536090
223827
245417
936188
958032
962550
32139
550424
283028
289123
26296
264168
663805
596091
708104
787274
575180
19792
60143
854173
547424
336023
362554
773208
800494
420948
149515
693930
108777
277867
469852
80713
392397
730232
235715
392897
638022
220897
895946
870699
908191
71098
93862
210423
780782
978990
116358
939905
506100
308510
139311
108237
256800
50830
205134
434319
24700
442679
248798
775310
136815
202266
551734
133351
775455
368482
544872
686939
439764
411510
804702
290649
496997
495385
622776
62270
29436
462047
348963
417896
176301
744297
318505
386240
390403
640796
368348
191997
26259
688239
44455
19654
194033
70925
554481
228216
174526
952591
310307
322257
913497
614692
509435
370806
698324
88608
409116
820559
276611
934175
967262
617196
876763
835554
487213
961018
759496
449136
2293
24103
55822
957026
657993
326170
228380
607000
467877
367371
273262
818946
178046
407747
443186
659917
675504
916955
527793
529132
993708
346795
139596
283226
946303
800891
368266
632794
979551
954363
929054
340141
328536
605395
984360
207438
240562
342325
4442
739836
882446
65463
539828
547524
391290
754040
133590
686050
638155
562498
56616
900970
908687
663133
206550
192630
194867
816508
970030
613581
747270
546558
112658
501166
678321
867787
404919
219532
400003
785091
658611
295400
965610
976727
357049
177447
400667
646214
331237
701690
846676
818771
126438
855206
96254
258606
201611
681443
336871
436125
814773
137909
526315
758031
259011
223225
226437
815458
450274
92785
941645
215518
602299
772329
642639
76143
494477
492225
148436
290793
52400
887967
804799
917862
388544
811626
669532
638445
919588
189524
750628
199775
860623
361428
552887
933184
982978
499645
636445
932406
315459
722438
575210
760549
878300
910340
289486
213908
623547
187128
416149
866175
881214
975775
486867
554384
855694
426372
279069
760735
295334
303023
961260
397333
879981
292681
606135
16268
31310
13433
925435
344817
695687
88069
230442
471934
964389
946065
17313
517151
543697
329399
473543
95231
102506
813783
662150
290027
112637
540781
161
319099
995618
337319
392699
477801
49589
737616
937690
843376
391507
201707
39152
551340
267411
416616
351218
70597
154220
402995
709306
580564
175759
778922
417186
649730
681240
173688
266045
467099
956930
446854
966530
597474
69455
790562
36603
803901
857817
555113
706891
885151
64058
938526
310696
497845
458035
411344
698385
312001
646139
580338
887201
757764
109936
382370
322594
770140
17979
35551
526378
827944
973391
5000
781507
585212
993505
273806
226555
417947
274050
206933
135529
479402
83488
75776
590068
460968
419199
14548
892037
209824
586797
566054
462080
773771
350421
858323
969030
984561
850266
735575
206779
652526
425237
555167
161731
980717
653568
128581
715284
736670
108944
726199
145533
181702
565312
423147
420517
630009
702735
188969
256503
364163
108150
968275
199643
403928
579083
423625
229193
536068
442683
49008
704374
773582
477594
422840
947503
140450
901205
164422
212342
994410
35845
2830
727519
230339
590721
968487
205429
79647
747693
470891
648724
843211
411604
989017
363998
875917
10170
963657
590037
782574
80428
69917
243687
782320
884187
652113
412680
782981
83892
797013
596003
985047
51651
572253
470118
795883
743824
907059
335195
774823
10872
168879
974681
771207
782346
490260
854311
130262
953377
840874
848767
330732
702110
563909
108643
99398
486628
796468
262432
394394
571406
940718
127120
683408
500831
570840
109981
895671
134584
859308
153256
864446
717027
739513
442114
908386
454553
902652
532161
538185
990493
220097
627750
972279
278637
135672
106728
224769
852446
465960
624893
769456
175007
600763
42521
