103618
777960
300628
697456
46462
917831
188649
471514
42014
481357
948945
576697
725131
520787
933543
481879
893469
200209
91224
552498
839310
744283
663196
286203
727214
326183
372580
4261
731167
597090
975655
875570
526241
500345
436613
906288
934835
669667
681231
484950
440297
276233
203631
862185
576993
888207
803403
84685
867438
496556
99716
696799
426960
731160
857431
747847
402591
846888
731806
784792
693897
221809
760747
480470
79013
30982
52623
242728
275013
682764
661937
163901
691170
702713
740477
263718
243950
209111
921830
81517
551786
568332
899206
217099
731345
991811
831341
179755
557653
681695
977559
721135
816557
383123
861017
209812
258146
72390
747896
789315
521772
475680
304128
328090
402995
883605
678395
489054
800546
133889
30106
46391
551813
799336
519563
72880
621438
574966
267674
614545
117565
184117
39314
363011
787001
126891
907736
135876
246939
912569
669879
32631
386076
299263
212484
133008
878982
293385
718424
356023
10409
149073
971821
393912
58505
502396
532385
453675
940550
433838
301802
148026
102543
585490
714258
920092
77642
562608
907180
830063
755733
640301
724412
19038
355225
426731
784086
236697
674660
110817
232536
903149
835286
888933
246934
611050
902228
31195
708103
659191
868103
484939
639601
937488
603935
888101
888003
951949
547590
815906
600105
242399
141705
254104
556239
965682
897163
483915
756839
95190
343060
355355
868715
196172
562618
971834
78188
83010
683041
966795
314217
880416
529564
895635
575667
562490
313958
148907
486589
815680
473804
739807
592921
893489
718947
593625
195778
720617
913432
306849
318347
319137
511533
40996
247505
818762
11729
218110
496172
385834
474202
629382
335116
81731
779671
567530
938808
732250
630039
642619
