35041
751026
232233
580284
37442
352692
943820
657415
369386
109294
670689
666766
927646
616487
278700
955909
252065
632779
416878
77936
634140
131662
938405
338207
762436
315116
984456
923035
472443
695049
490421
545454
167301
585224
972407
754554
355549
204283
794477
468097
170996
231718
623633
327464
61106
645689
5201
807751
87328
806582
739262
652030
380740
455326
555040
200417
436928
937851
3100
446108
739044
520694
213839
441108
975803
71243
909089
614483
154259
335870
197706
447501
603511
815514
831849
708590
565339
747060
615464
906261
992396
317991
357322
759544
673894
459169
391365
882810
313243
433439
249944
698657
399134
716137
65941
428635
687034
914856
159350
597358
