684753
259303
450907
294351
20536
509750
365711
795653
75638
910854
484412
150973
241688
863772
33501
313846
177890
216798
812045
130780
509775
460623
859751
376321
298469
773807
27577
1806
978113
455571
731668
251485
990829
534721
706117
756458
727349
61908
514607
79794
806287
66898
221466
403378
468645
655259
558404
328332
62463
96870
247826
805456
498742
664068
611782
109516
396607
30136
256825
95091
90476
920125
902757
717110
576151
519735
480377
831190
578686
502662
890789
2644
860980
75550
158033
135544
6409
529893
653125
707185
545169
960201
290047
400175
73426
256533
861700
778394
873150
987784
556880
154014
262084
142694
907206
216136
770681
985406
10725
43006
905042
867663
208056
367977
647994
80977
762205
62815
19286
929985
308280
459267
779849
427926
886079
240206
269661
848938
453326
158206
7603
780469
782975
955119
268229
542850
75144
524373
180121
85173
998763
62829
541710
49992
464578
119793
617612
544817
378959
538521
351330
639279
513848
363354
702984
632527
610959
492145
337449
247422
843157
69858
612326
16651
738528
836221
222703
432547
7032
868845
268483
64799
642682
80648
591695
4814
401148
657217
765265
68129
48817
300382
462536
901653
286600
801685
93347
468532
737638
776630
55940
989528
505749
229465
481360
247216
77074
474841
700129
449840
570459
91650
230357
925543
914042
635857
31811
433730
595968
145408
428647
701850
251084
527830
562689
971177
913097
989507
53684
1096
481401
3322
33047
442476
513773
996989
456602
654778
983689
610694
53058
18530
279668
453121
794559
859119
122666
277796
697088
413640
898058
970474
495670
633811
43665
289045
906736
504713
309677
673698
490931
484938
196662
115976
16086
512867
717113
633941
748912
545489
951906
827224
172302
264455
797640
928976
570609
650675
223750
516353
649165
437988
769534
566869
784623
382718
147716
454049
65691
479312
752548
798941
872662
287601
687635
298368
403433
480561
785737
172498
950139
864519
79249
921232
596412
364598
94426
741684
201576
908546
606395
281377
975210
462135
328929
40930
633238
274067
195130
620233
518853
532343
100839
250911
294402
969073
464745
119006
917860
862450
277768
828410
81178
968845
597547
866740
576165
285975
618266
619681
28329
301196
775564
626998
345127
317854
188115
108410
400159
493097
431844
246583
142613
338147
307718
498169
108560
192212
976999
594954
632107
989895
575572
472261
242693
416744
412771
956196
715236
66292
998609
262930
982906
979410
419052
913765
80618
272696
704479
316631
258620
82194
869382
196318
654449
285097
417834
720720
32654
513706
757577
80712
235808
134108
353336
424760
787828
174823
456592
91102
45924
26992
482911
977223
551959
43660
224116
499066
408782
439580
814387
697426
578864
217164
872657
597517
194129
525593
987075
841565
70008
154573
358209
264522
818825
924186
951426
460182
331340
668118
692123
638882
807647
723418
515260
242711
302480
361650
34968
422473
780053
18881
62588
891965
913170
879351
768158
815332
106812
269888
432748
1330
710167
133143
600321
226036
373045
468452
313775
31381
46820
73068
665865
103234
601907
395673
713700
143999
612878
119190
668402
699758
44543
425186
667962
801227
708941
309601
211954
937353
675237
294549
353450
487366
175951
738860
908556
10931
658880
220240
492965
262317
415567
748986
943785
472762
938015
372720
986930
928344
318446
992464
247110
813122
547765
856549
168038
922759
591210
698351
446082
781112
193512
925871
288917
535115
807986
798129
857434
380238
203056
405909
47564
364678
189226
802560
513557
123101
455424
168222
415975
193676
621846
369714
136763
999941
538451
221386
704973
960849
49391
951592
465537
565669
803284
664468
896793
873757
259751
25488
381672
755385
98884
259075
19055
746261
407328
718435
403507
739081
617096
75340
530888
413336
908811
225859
724941
973153
710975
520614
393608
241075
923314
293130
548299
779136
376204
166223
702457
110900
314242
130555
358871
528571
385440
706902
290644
810326
81931
228149
551687
241742
701161
292549
321494
545848
251055
364667
505229
780343
128659
943661
307045
727469
438439
805085
521454
888512
8096
809205
783108
262773
688650
240808
181106
539895
945685
875268
759377
685484
644054
588443
479808
75330
264978
226403
641646
834711
213957
571986
269844
485131
781538
169940
509013
805955
437809
581737
721486
145510
647219
565664
913543
915142
796762
693773
763226
619000
943559
853523
12790
883997
176674
778593
622662
800762
8712
953557
652409
559371
21260
352318
555384
507383
156418
615592
58558
720944
742101
863183
524219
465970
574267
464975
253095
562525
130707
299551
861304
875005
299289
378747
353214
596632
917771
868290
266558
849696
32213
301968
226548
127745
439328
193886
726714
224297
302108
85011
396351
845400
9531
9577
280065
939363
660838
216214
867784
872758
910168
283982
972648
889858
749655
69424
542393
134955
530644
652623
252812
488129
773311
544813
558657
430052
70207
465665
399132
932477
437080
887166
766205
236012
782358
241328
918155
581847
935391
728885
964406
71328
961727
835735
256284
402374
823636
251018
289829
649416
468749
245215
393536
851011
460589
617730
42595
800521
327239
628355
754598
873914
375136
12483
583588
918287
555041
99239
957553
302111
185983
738764
128583
886652
581104
152727
359590
378580
334740
614585
307379
643146
98406
456269
505299
940738
894844
337062
346265
867104
872701
518464
233894
342291
431892
224848
81395
648059
811420
416363
421754
337972
215183
262273
209883
829299
181182
531955
998279
336067
26041
870809
291182
968318
856746
844968
181747
164068
141164
30253
860865
325333
166015
877916
742456
220378
91101
630889
199676
151916
679899
288761
926137
605399
883390
627232
243246
943921
249808
241545
591443
134063
832222
94155
381363
772822
805585
904107
187963
766562
552670
172764
150147
744167
900602
625658
656430
530572
646534
303764
336055
495809
227096
62409
555716
698629
964189
442793
523297
22848
902267
638665
746457
739840
824745
139816
479144
933863
110780
195388
942384
966714
912164
230466
862531
409353
738573
494270
537267
121740
499334
409352
122749
496285
679433
758597
994383
28210
875333
337410
750436
913368
316574
996683
595842
638018
232735
212386
674671
634987
256382
182805
792957
294222
12225
238050
938208
62175
979923
474563
516950
659984
346782
629331
938000
491093
909675
372995
426053
677494
936106
451685
736397
790013
388567
464089
166416
333205
526994
943389
968734
848203
637114
28085
597976
592370
83101
211941
930777
207465
779527
364828
562734
411471
549438
868677
384549
128148
960519
586027
878009
490535
366784
792290
150184
752043
682167
728363
590517
923430
493194
407431
390759
354664
138949
428636
562390
741068
24213
901770
232728
344326
774374
463872
340429
105466
202759
621121
512367
341520
283742
929206
839310
362761
179355
269068
774472
63276
56084
468205
397942
702554
932259
441738
112602
430731
565311
813261
344954
614926
228711
777530
761785
481543
433611
499371
44401
702485
851864
930264
402024
464510
354098
485027
231409
157429
26237
45089
276500
403768
817842
204193
19632
509842
125009
942879
327150
159127
327932
507935
697625
790024
890612
156569
87507
266017
804115
217022
901790
326232
322109
450134
73005
803289
120814
99229
995518
110620
945998
531590
189443
7565
847692
363329
983168
762841
364681
789746
207826
186306
393810
400459
107192
95126
355843
379177
779667
482308
149993
88802
361600
651956
146467
367061
322334
35992
578970
607720
217786
55287
136907
56668
211516
94851
231566
502629
349677
811197
291171
291547
422227
56916
156710
798714
962377
199327
559912
703772
339086
347515
202000
523723
707509
855799
905534
72394
878008
489540
512329
852656
75275
81630
838653
584664
273627
592899
489210
558143
550754
695389
694134
437031
285249
450382
381813
885899
180995
558801
263145
865485
980194
192342
448521
311190
478348
79916
378578
791761
692695
654411
632165
284049
238044
166062
683259
776070
645455
327222
24751
604051
813319
850801
696902
904781
654666
886444
762699
642273
940552
184905
22744
932793
539819
902340
860530
522833
107306
614101
768543
75310
731483
548925
288265
848068
32497
647678
550738
963644
905793
740559
746948
895027
509399
557956
689
129557
428131
26776
934736
205621
604851
44943
627598
903982
963062
614260
532037
663841
584605
525625
951081
217593
809482
569013
468996
886398
868944
473877
363717
91241
488674
711537
234794
779535
875793
810160
977317
849658
611210
993667
178265
298799
249760
707644
935872
506259
47067
883494
205898
898830
498516
249614
628608
832761
321799
288406
194701
541228
473189
655677
44729
69414
470451
593776
937659
767714
405071
733683
227400
320515
720864
2231
819337
708214
638837
593763
795844
107914
817594
333955
135074
301371
486278
742240
361073
19186
769112
594870
902533
861879
759265
684814
925807
878466
668820
324504
417724
135891
62783
160380
554413
962415
309881
94122
283969
812491
639289
538735
339228
887915
519269
907412
868741
184230
406734
70799
124644
347291
790356
415907
889497
182367
278007
172972
876957
718308
239552
499012
938417
531129
776296
383558
818761
83586
701300
875395
347023
586359
157897
932262
853518
505113
837853
290174
280038
105935
945802
385715
633022
455353
727137
680799
343020
508012
497333
785423
350709
807035
570319
734730
534474
339445
161344
478075
1207
202153
34627
606856
511674
919229
948727
337841
9593
579033
22764
85396
267670
952368
507533
706070
992694
863434
284489
466377
541332
465385
744033
968130
609744
210889
335152
847274
178777
849765
990178
455683
54743
318560
731546
186667
450194
164308
953410
420061
271273
965746
602895
236203
79551
296823
683843
67515
818750
230639
461755
169683
208559
968118
980987
523945
646153
787088
544430
74205
713704
323233
8393
51992
515134
583147
1793
143545
82633
81525
898113
700796
931219
513215
244020
765190
408081
175325
728523
737133
318388
921612
169402
56298
182742
14068
314512
146855
625851
976862
261676
39289
332669
789719
870426
541382
699709
747069
231984
253341
532755
344012
880502
625472
226160
466036
565245
785765
551649
26745
804597
533423
8853
414751
189499
201082
224611
709330
858932
746153
468331
782248
238537
209334
68714
341618
748394
862112
855837
171750
272616
982143
174585
787353
417486
947636
573855
924629
349396
361836
844914
222639
680019
169246
240781
608323
633501
635830
111740
719671
628067
227479
397141
966306
941891
535199
933393
899456
950338
564232
399215
360391
618221
160324
835618
579862
531125
567581
826811
196289
707646
321781
676889
635532
743502
896027
664436
796445
958669
139844
869455
489950
598081
622729
688928
82488
147887
737082
846292
227543
261124
564737
672117
38977
571722
516470
617324
898833
53494
940337
620804
680824
364493
467523
451924
903281
112898
260855
155601
320856
580898
639048
969268
759484
913141
976465
508836
114174
384955
490962
664375
283395
321919
455711
524220
425508
347243
830205
106900
667536
476418
956006
511987
403740
312362
415913
959710
529396
9963
999106
885797
130565
878146
603261
853621
773630
255284
700542
935710
180838
435193
525939
520163
99123
910266
992749
253729
670702
372539
812479
245605
515450
438628
442120
374626
167
706969
22403
354504
824777
673939
200682
476537
35058
66348
283287
345782
101972
724161
392336
990559
881010
187370
99403
793875
79905
786949
566960
5134
472678
852844
420365
639024
221101
46612
293093
123906
9915
943623
800597
87937
868798
116757
398099
168826
585731
418518
224897
658151
502924
572152
957183
333025
49721
57504
85836
903626
734066
869565
780369
636789
528486
77521
71861
246263
438554
546700
956749
179430
159293
528478
502891
416932
571111
870884
572231
849331
7830
267027
376487
143453
189669
961044
131825
460465
294493
864592
661827
774434
798919
697487
387791
773648
405124
703583
620571
679315
594924
418096
175490
84278
342138
894131
431076
64069
990624
737393
665561
356053
878176
413291
2197
499848
423948
927175
469541
382424
794832
787644
724483
841059
828942
397490
416716
280636
693134
688855
572536
707634
2834
76501
579275
208450
509734
360357
464262
813125
635198
220891
179934
308632
527121
554487
872263
858085
435659
863839
468458
746647
615286
250335
814554
618702
946549
950340
820074
56053
759852
155583
28473
39806
994151
926324
767515
102795
67488
168506
924104
692843
414626
105705
130077
376949
616024
227135
880988
554164
456869
592648
767976
891056
858870
871141
120683
791094
790160
60965
736172
966489
499665
614033
675059
96436
554800
433688
242267
433395
665658
912181
913090
93731
209950
271999
16231
781608
189911
497865
710868
758386
57237
885469
39124
443007
835022
610347
283240
252721
355851
949273
777329
229391
313580
208649
504660
975914
361156
901720
525503
903413
978798
14827
216590
667551
46700
385085
335423
796186
632331
265868
374463
111523
335391
816749
745054
811270
321234
961253
517186
938912
256592
229503
350867
810713
744458
880219
118482
204292
908615
387742
176610
515689
875575
432216
686479
867727
6751
161154
680880
824255
370568
119909
245086
634061
231292
717476
928798
397099
779889
952045
59816
89156
305094
538648
698192
597269
283094
426523
782756
183939
334299
450674
947609
499459
799235
428333
120179
377489
379387
365960
799915
409162
560471
742977
152429
891592
283967
718887
713454
273943
643733
17018
175978
550710
959137
357722
698572
585885
381095
329751
844656
383155
905366
436219
302036
963661
106682
253744
255252
55766
213043
753561
744367
338356
738706
380183
903484
980778
516463
655761
39859
867493
1249
918696
245856
132838
102873
543442
700443
165013
947139
217507
833955
957847
281708
727006
341079
150223
280743
698436
572656
233455
658884
855266
265607
614614
610546
734397
16667
285470
430428
766478
939729
69382
29579
588086
521909
267300
735917
510234
935340
128232
91878
388264
683017
342979
241386
59224
681486
519901
562166
248659
942544
398506
13646
211267
149510
700485
107969
920400
996223
228470
535295
774138
156541
980135
42696
355618
943019
118677
953537
897987
488898
705616
740460
736188
713272
127507
690682
897524
246862
549738
212773
87285
238345
980492
133668
173542
51285
276501
232475
62318
683314
921014
194489
655168
650814
539531
115772
883998
733740
52730
254561
313448
424902
918833
746246
275986
633822
920138
439161
294691
208501
981248
277884
920171
998318
52355
730736
486552
605859
629724
656873
158450
662837
355716
779437
583092
64255
869039
849375
119825
792271
716517
641517
820606
510859
300953
537163
80581
135781
22867
399006
448738
185036
307656
146275
696596
797234
407744
62003
17292
159265
754533
708897
774680
463278
889302
252360
815527
640150
642893
284197
711257
952572
358036
763474
71787
243111
455438
815600
615291
97037
659357
830493
653281
183902
546625
508870
781359
310923
529240
775889
478175
172335
871294
74607
255514
817599
800217
818826
619969
810046
171341
544438
955645
291969
735059
332302
590564
812929
273618
851128
455913
128261
953976
327087
853148
704775
483656
499848
499848
447677
863031
834318
243436
962846
259285
860938
208123
81927
425703
387345
815960
812787
210776
149999
530774
131773
713857
745717
335686
782760
460136
376778
924849
843269
212829
729304
515908
546311
386273
965314
40052
586550
778347
595754
968023
571554
233242
748863
597970
495811
473948
606890
822961
113097
733006
472602
145357
577948
870018
33406
332928
191883
74653
557393
721222
473477
162499
145400
478722
614029
185709
67228
822539
694336
211127
501542
606983
426284
913084
877236
274955
982392
773850
814840
768365
250317
628313
585600
603666
565774
786618
700155
675024
1139
735951
284982
125943
658545
604406
845503
161027
11940
862680
444750
22405
167756
645974
164038
206386
714511
190830
618889
106495
567559
690108
805699
988636
605528
980086
757668
802202
884090
246110
857769
49118
939888
665514
635619
135490
17569
321779
964807
201124
366318
524219
553911
88890
452111
424577
363844
467685
225059
129117
314728
331903
577185
188038
805034
781546
653644
259468
328989
473684
567967
63724
92577
901263
417907
578226
141215
649288
751166
321522
458761
893767
581583
434910
43445
279605
310987
21074
303720
174878
253725
730306
324566
829535
765551
38276
682325
254206
515541
184984
592432
377815
817642
133515
481480
493464
945240
883800
636625
85927
288294
755067
150528
54730
117870
402779
432039
411010
10135
881540
464154
641226
376019
835300
39189
252608
1289
627012
308783
766574
314785
637985
184135
598190
274707
159901
430960
226673
13827
173305
962145
130951
156410
785306
656272
560491
367524
641798
221427
288969
825228
687226
435672
758538
592803
234947
359386
396740
311936
140477
870280
573311
492735
673696
810771
709411
48121
618530
317567
573028
320709
647958
926869
823161
70120
92419
366178
928783
829990
101025
615516
51642
787485
13777
235496
639416
24038
607404
488094
255293
778819
333413
853237
28578
78235
77700
989447
668446
18078
415183
123832
771645
318168
28035
9847
707692
739517
280886
237417
587016
177157
628955
933127
885812
277685
880338
959928
349114
917439
574318
746405
887083
164539
689274
724120
272441
413482
919183
411593
878719
752705
293121
101939
123156
110949
756531
455196
297330
396417
378579
290296
393520
498765
33264
342892
442037
908057
927345
438986
601291
448536
970362
96069
218095
817486
874845
265252
981575
267108
633507
525439
851633
225895
109132
445185
661030
554087
843629
528257
762321
829337
571221
810302
40878
932981
656306
632378
956620
859049
601201
643282
295592
85140
798718
481426
390758
832981
238536
817039
891417
612815
160433
591101
370524
384835
834259
625309
188879
224790
87878
364222
410087
864186
617835
815645
852678
408857
409684
300161
824282
347240
131971
589864
543128
88468
203877
704649
198279
313437
357357
163812
84186
899891
738181
293882
633159
483951
877226
731738
601871
956816
461638
779761
540543
280326
500318
8992
606309
62761
372429
853847
987927
812694
796065
993174
804746
852138
389010
714957
762532
313322
959315
140648
267267
29864
467277
122042
405984
808034
938024
616019
180504
668053
382906
7033
587264
731883
349496
419283
491250
878825
864158
169743
349173
20324
865559
57451
340319
390819
932573
832699
9253
876281
338214
521604
696394
187397
33758
591260
540626
571419
922149
112417
950370
610271
998273
397108
146077
605045
985416
195531
692848
173646
456895
664215
796527
461926
681306
862059
309899
115068
674211
579462
508041
739991
948340
360435
671293
109988
660194
987709
706275
123790
591354
812917
67361
462844
61987
468273
396741
102523
135432
428927
732146
385464
725995
152718
211520
254568
215341
532177
15635
629195
625635
38573
782491
125041
224609
986771
718626
628470
391018
316023
436087
995615
205203
411651
138838
984233
114920
884058
645630
205925
732777
935952
38522
705196
476251
81023
666831
90633
494457
882545
895564
189560
412786
331543
156185
439326
516608
994157
207820
546
374892
214096
524677
708757
206082
504814
169590
733249
642484
182468
233106
730447
950833
184670
551951
230926
409596
625185
408729
892534
538206
467663
983980
911824
327776
14935
159803
680844
260280
837811
558981
867661
603453
630142
283979
585899
322603
567339
68334
349434
208621
935139
813474
246597
945905
564763
832235
964993
318053
168995
471922
226125
37500
636432
996998
424007
761440
467453
572758
687730
164846
365479
244272
98368
54488
242803
674139
434670
702646
655411
141718
425933
934811
12775
579541
231527
451764
402988
153258
791152
792768
718688
248959
250427
15478
820655
341738
744376
82630
906204
823223
632593
634522
880053
372186
115024
249628
786721
665011
858199
814674
769519
346653
690426
266194
835783
430440
508784
39385
779109
821010
466232
987510
125602
897259
595536
209853
595915
748751
378663
688205
688897
865772
409189
124797
907670
143550
47645
996945
661382
120492
195160
244450
719394
673760
969569
692520
320240
228492
913778
521861
987232
687528
735686
904632
554025
543807
944348
18780
122513
541060
662071
441877
736036
710245
369548
193167
936718
604896
651735
192284
661929
832965
588677
537461
103713
585891
498394
307725
31237
318447
617656
564772
172576
349644
817068
995330
565336
20951
364967
998616
235137
319542
843990
363845
924386
542327
257013
869247
47548
158094
702543
221124
176194
396635
667611
263488
259898
329903
634627
898951
733176
278193
68746
394796
160357
934122
983084
306474
850294
398092
571793
964091
800698
137747
997804
877185
388004
153917
950611
639361
917780
633571
30324
187775
548045
551318
838001
449090
323758
7600
396652
322314
335160
733549
817263
268998
534270
506256
193763
32539
272564
910748
484472
779534
425892
779541
676958
554788
441559
467830
10172
179501
453075
960428
320926
274548
147173
28182
578880
363109
896213
156009
893671
960903
748524
330414
816875
106389
432859
295685
109004
260698
751143
764753
666333
537180
952045
42188
943819
644558
893170
510722
346930
877555
343344
123989
158102
990580
368922
415393
24713
909296
88755
921164
512078
247579
567546
672922
270127
305968
840152
596166
303134
244732
496127
55600
78565
811438
943865
849879
402035
432114
559648
251353
666230
315784
78441
633997
552895
141808
74358
457287
685155
84920
812480
141370
858606
273569
430661
592624
195100
821768
125627
462201
304847
163166
834436
208487
566036
541341
977617
138941
497548
304808
797351
921557
834669
740771
907590
221000
248617
597982
854999
564292
150657
543055
16196
761222
18784
481318
865425
581991
74155
140598
96026
595770
960735
748022
112726
336037
98259
659422
36820
412629
263836
678522
463068
177829
933858
69161
962149
929035
814171
563161
293966
307444
659686
65654
589389
26847
671873
376160
217785
680545
92961
60626
182025
803024
936027
915072
892414
584219
706468
781349
515217
360637
234175
285401
607648
474594
298497
360947
942300
64223
833396
170708
194679
397998
631217
778712
137890
513951
768713
585276
575593
131141
623627
168044
580359
854331
400564
952715
631872
778261
831337
164539
462607
603039
513509
773866
857864
329024
688918
691844
923965
845079
654634
507583
669761
133995
457396
788736
939127
499794
685816
998696
451144
784293
332375
695170
38389
174842
353506
952107
872097
353010
640435
940721
103038
860293
985821
383370
309208
48486
406510
774428
444230
850133
278698
624412
251753
63202
430170
884205
361732
372674
382730
385231
325052
95575
928274
366895
502127
489227
312162
839886
647352
939738
719513
994206
534059
666408
495221
218588
872936
898406
37164
618189
532733
393084
191000
260794
814810
88941
963040
566548
642817
117345
783743
704228
229576
128672
927631
342410
863166
378047
228205
974769
897423
324897
881755
73056
957624
946758
328982
858532
994369
707267
211280
606572
453834
806798
165348
59512
156321
672505
464427
503805
191280
987031
511570
768858
586963
520731
756513
179007
41737
468575
974735
757572
184318
286675
3431
264590
778992
426494
701557
729451
536980
797682
708540
808596
113819
32237
71542
532435
251198
217568
702053
848886
425067
13274
198163
133365
184614
93492
282486
530124
980574
469572
722207
305307
853486
388215
656952
981550
237294
96612
20859
482493
101339
826458
722801
673425
756514
307568
310335
555399
438540
179137
81557
442958
796026
966965
832824
482818
106947
93284
653957
155292
160221
413334
726074
96395
547557
736790
672591
399043
734077
738210
381013
276471
478277
97614
881772
50353
523916
854230
222170
833134
847047
766014
220519
939183
894420
137245
800004
234058
936852
687368
962784
365824
684133
32290
452552
622952
330280
894385
402817
787273
73396
731870
501066
587136
599209
775300
843927
143700
701404
388338
450578
486143
487495
462395
868809
704997
484300
385806
274364
980722
517222
612652
699624
594109
860999
377237
476627
687941
513663
845988
372124
93842
924866
874906
192990
363688
172149
570455
878144
353705
438366
77246
731746
973613
980559
838697
10912
413093
861057
198026
169559
908043
809654
707510
169581
173389
997688
235980
302689
471118
725662
190207
531450
55266
742494
375233
643082
491619
725638
804328
647097
140307
123159
389233
135055
223342
783266
344312
773887
934252
561052
877157
955541
51940
709152
968166
613126
423754
354484
940819
834879
74970
759527
33770
917297
840473
997652
184328
225242
736190
497847
139513
10781
336917
784272
959706
10350
411880
401088
63322
868621
654514
838433
51108
929044
880588
59131
516238
894061
387694
60861
629968
910422
96306
138797
815132
638930
137373
41028
440098
582950
738122
150871
667776
113620
495482
226210
518478
412758
411530
907013
596738
561358
968523
622828
148109
90057
295975
688433
227016
632936
782518
612073
737641
784835
910829
864814
882087
641265
633813
616929
994935
812890
219319
361031
103451
120284
253922
378764
55373
958905
113904
317376
704822
629057
155463
910731
274953
668526
839586
44280
672730
364830
112377
612562
416520
541434
752705
967015
314165
734630
80019
312679
466557
778827
791526
472901
12337
347226
354572
915593
597664
582144
179260
11994
545343
630372
10207
603645
367458
258247
592904
178031
957277
434747
431402
670797
754278
213729
71793
513548
140646
902429
648203
817102
619131
264766
86083
562812
475288
458273
489008
714087
878578
187139
488595
160911
506525
884447
310144
971782
946497
675619
632989
772060
376215
525544
654581
109846
801592
188354
924817
660781
170854
570161
756046
449863
725410
11472
109064
436335
878902
555420
481877
964915
539442
979426
95544
913680
234256
819822
304070
145694
728145
565686
453940
617006
954866
115932
344446
329157
30133
601619
742794
192354
53400
331505
94855
778367
857983
340562
203961
220936
17246
491014
310719
269966
693300
620838
337045
291205
580957
903977
865344
173797
56371
897332
821055
492772
770335
127110
383346
218271
161757
514050
496238
102769
122898
395348
139838
751925
809542
54507
435123
737005
524698
745421
664005
884251
345580
136045
386241
763255
937294
815749
572945
196762
266893
568490
346882
799455
490790
845688
738034
213875
248064
993716
479013
215691
980192
459126
853783
621469
250040
22260
493603
653631
216567
796324
366886
545319
155361
315861
388630
668745
306958
420767
526698
356748
55334
13513
402057
899147
871912
446061
399897
453191
516015
342706
411179
129049
974963
299388
497013
935897
492725
312073
970308
744529
62072
794170
47607
800967
984336
996236
95655
60189
381946
87239
476535
863759
730091
295680
937042
528594
729271
538320
209242
634275
882344
229525
22073
250706
496611
153039
501002
715006
728065
97118
833465
883721
104072
288331
908828
236833
935108
502866
778512
824496
771900
835001
956240
176614
737396
506510
639364
59226
205052
882278
456466
944442
803977
260418
898764
50144
158478
307240
911506
769021
833670
627887
796630
199780
345923
763033
695273
38776
64955
882205
413513
517315
817079
793437
652488
324302
778431
697344
516
613150
82795
225916
940568
298957
351086
16477
80208
500538
489947
491400
665254
763366
674545
334627
816937
803951
427650
504122
409338
233714
26116
262645
809642
259608
528092
227738
98373
26845
621668
334779
482204
907045
453213
53096
634797
447787
507126
134566
212403
75541
634373
64812
378560
539777
963371
105479
627766
23764
787770
263973
338769
818287
434499
815227
789160
214520
440949
838688
834009
554792
463594
514326
570979
971722
491137
900914
383389
937002
271703
605199
374361
378768
352659
710833
614833
978864
99756
210143
440358
245287
361371
678253
214747
530929
862386
743499
825565
667188
287200
149120
453451
331900
791850
293022
551180
388035
441420
607212
661172
810129
99571
61903
850857
469764
846295
872731
929827
969759
789448
365585
357381
667288
911938
605979
574218
13136
761159
785174
984942
319123
46548
604355
994373
638290
956026
89423
820235
356350
887333
664834
457436
334597
906519
660777
949462
78330
125617
152815
659894
286666
468778
789155
396762
907824
131361
955646
83987
88045
147327
638928
261330
497128
355182
753681
282866
726565
954255
547257
928214
340892
15498
299
550093
105084
835859
932770
592271
591426
960832
14209
755589
348693
195476
420746
725533
181533
732207
390401
860384
202274
199849
443028
196192
704728
458193
748430
32831
220047
72164
534946
408964
184752
138091
264930
238694
311908
989383
392912
226607
468024
841850
150742
862540
609699
359802
216243
704893
292138
589452
813581
172761
315767
475064
417457
213966
193519
698665
107170
212229
235433
74691
343370
734219
264885
938261
920699
165704
222237
273597
484606
528321
641353
842378
520944
582269
792525
730816
907438
195459
668741
7443
93302
706504
355125
618172
543093
637953
69105
906837
753738
610160
155716
670217
551782
939692
835198
152015
318095
734419
784722
322947
105713
910932
402499
893864
910826
790088
636903
609305
244172
316111
961897
482230
581876
941849
645568
330079
823965
79022
722186
715835
168606
667821
317712
912797
222110
963792
161108
726944
915152
530465
602182
83432
88185
529068
777300
414856
657918
962745
180913
872109
342301
667094
386873
149460
917356
274161
133778
293563
906039
313776
1145
825923
211515
417975
264373
411605
519827
224462
275861
663636
162303
23815
939050
995306
999362
820743
26181
412726
735020
211872
923397
432027
135632
352084
706739
767790
923621
108603
749548
421826
109382
203898
190899
550652
486448
175066
500464
861127
154869
684793
795830
129420
316533
816126
796270
117178
375908
433041
130783
909632
483741
718144
694535
416504
615118
830984
194065
979479
170239
883058
707708
715553
600467
439715
742023
511449
186279
134756
234696
220732
46531
239311
859266
960099
124517
27087
800177
457067
348843
810893
548497
273479
262078
798043
429984
731375
694440
626086
39161
552918
149781
761282
994412
684520
439056
726549
483432
174908
564860
888729
137568
67080
607471
887289
316527
571823
371169
268659
983426
262924
484499
542093
686510
771054
561359
518976
516212
181827
378957
338506
418690
486839
114045
54378
587046
130181
535350
71621
432997
751895
104465
266886
407269
120249
600133
208323
465844
860037
247498
553018
233786
428137
459915
404016
738809
661319
794094
923467
417251
663572
187443
506965
816606
460732
333923
926019
336704
194775
239974
310875
862574
814468
210990
942760
137792
410700
897355
975646
602534
48913
825710
9569
904907
690081
518166
762340
923351
305236
916889
785220
862906
655077
71859
380085
178827
957076
485248
2253
626023
703194
200884
626996
634748
414806
163006
343534
717163
56790
941553
947596
848503
158516
796914
405911
627284
707997
731271
410171
895858
322165
95887
507201
39713
683783
290331
892814
40151
512485
555203
330154
149970
884441
1188
164334
807393
389409
184653
939273
508483
326460
307105
494908
460208
758979
247588
725388
492500
506125
791911
582314
782173
835471
984930
646082
798168
67476
596601
970226
212189
991743
607352
401171
114932
512832
335348
233043
364978
121517
24188
342189
180471
55336
335127
145088
190879
310079
646763
279444
328600
722108
868230
294215
617552
570282
266262
838078
99762
127464
428336
641861
215992
790090
960931
726657
375818
484208
958083
762076
790881
546217
746782
493935
544662
566438
661572
454853
1531
896757
269660
703209
150257
398777
966286
22181
846106
969915
522186
234238
290010
36689
299788
896823
830258
309919
576442
554510
437569
471373
896372
71619
701850
472734
452502
845917
713409
179821
196126
911615
410590
914924
708111
105129
225627
418315
544767
725248
405978
200621
324613
261159
968601
516820
919577
611597
687679
202567
838814
639173
754902
106583
184653
809178
955951
766503
453899
663628
254433
902738
113142
637810
852806
473994
283547
924913
726105
267338
903659
710795
582207
618692
816286
847669
33735
617026
672594
90411
821023
516597
335109
736114
99908
393921
718915
634944
8270
764121
703994
316126
875941
778420
632567
996704
453305
36198
483228
372549
666043
787746
315140
286646
69008
532048
800825
232401
101211
570065
724707
833754
273425
597262
826346
779355
351162
201584
516879
228213
36833
221622
49495
908098
710798
854499
265219
136231
791168
646841
301013
950628
915730
241595
718737
624210
982333
634352
647769
483066
466399
323286
516892
25712
561579
181561
175458
650264
116835
211798
815455
811904
30177
113557
18653
969532
23623
576984
294460
123684
979333
284362
94079
913219
786084
177751
557379
383513
89190
62899
266376
52281
556373
493287
50841
803549
723077
952365
360443
998697
534876
43223
439147
892886
766855
120278
389823
416284
119824
289793
385602
37631
978633
764703
907893
627633
474136
722893
153827
588756
583910
410837
302237
635093
987925
839019
758987
639329
752298
317418
113996
446584
261338
328742
771346
613655
348584
290229
829768
321305
570287
71123
355962
814227
732927
438635
195818
421227
193857
730229
133997
142215
698191
754173
529791
619093
592276
584464
256307
762822
522235
221344
817905
328967
266123
282746
177961
418087
558474
857708
114140
127122
497919
479608
560468
688986
241646
585148
710340
286493
300602
351994
622545
354411
350900
505740
138139
401625
487830
326256
989720
526252
768011
578000
748316
60408
560813
265084
201074
137145
118662
391125
185200
120084
935579
458121
458888
276390
127216
827052
981606
238687
719127
353808
541656
239770
346811
48526
958095
159460
267766
324152
255779
509946
715519
488455
799659
869850
67
425206
128020
852269
547372
65627
956990
788776
571136
450386
25376
650107
866812
138379
124481
177621
126663
617922
289849
708372
205688
849111
431253
993468
453871
699164
576402
62304
477046
614910
577094
446731
247216
422225
786396
903298
770699
49298
386284
918828
131527
397738
706085
439607
791107
609316
531601
732112
674087
436939
516400
910254
877705
212650
347452
49642
66325
425600
143418
744281
365942
855420
133244
344749
381675
362900
983609
908230
352814
82018
571106
563696
383300
696555
96498
930373
751395
492951
359361
237754
54846
430651
465975
234387
316438
13393
906362
768054
966916
986837
973521
810651
50331
113399
187313
167878
543628
641828
874923
761733
106291
770091
278115
814283
742955
434078
666779
197866
396252
839341
166284
25315
177348
208555
731561
54954
515540
331370
727077
863344
810263
927366
904006
930929
846058
495918
307224
386820
757155
729249
469008
776594
29589
275992
829584
337341
936352
953221
974607
142397
803151
783221
840519
794081
45886
229147
618103
9414
233726
879684
723766
109622
770693
597740
668206
194146
66935
54214
188158
29546
439768
46348
841749
82873
663864
280318
108834
907787
811464
890263
413246
327713
196450
953243
490249
799259
110214
181808
58833
337799
799082
541209
885967
637075
65683
254558
361041
472865
884520
261040
663456
338086
647966
87239
891760
577332
702408
614142
860266
325402
169797
393967
841261
927508
541779
25304
943915
539008
382899
429818
419204
261795
437869
446494
558823
992115
54695
376304
902496
608234
679997
448682
494482
715386
510493
521847
634863
126168
687704
275243
870424
140389
800516
235955
259667
848525
504773
487939
223658
864441
885624
303389
312654
417015
729445
137122
557457
623821
194367
343759
121683
683154
680196
464675
840353
