999941
999362
999106
998763
998697
998696
998616
998609
998318
998279
998273
997804
997688
997652
996998
996989
996945
996704
996683
996236
996223
995615
995518
995330
995306
994935
994412
994383
994373
994369
994206
994157
994151
993716
993667
993468
993174
992749
992694
992464
992115
991743
990829
990624
990580
990559
990178
989895
989720
989528
989507
989447
989383
988636
987927
987925
987784
987709
987510
987232
987075
987031
986930
986837
986771
985821
985416
985406
984942
984930
984336
984233
983980
983689
983609
983426
983168
983084
982906
982392
982333
982143
981606
981575
981550
981248
980987
980778
980722
980574
980559
980492
980194
980192
980135
980086
979923
979479
979426
979410
979333
978864
978798
978633
978113
977617
977317
977223
976999
976862
976465
975914
975646
975210
974963
974769
974735
974607
973613
973521
973153
972648
971782
971722
971177
970474
970362
970308
970226
969915
969759
969569
969532
969268
969073
968845
968734
968601
968523
968318
968166
968130
968118
968023
967015
966965
966916
966714
966489
966306
966286
965746
965314
964993
964915
964807
964406
964189
964091
963792
963661
963644
963371
963062
963040
962846
962784
962745
962415
962377
962149
962145
961897
961727
961253
961044
960931
960903
960849
960832
960735
960519
960428
960201
960099
959928
959710
959706
959315
959137
958905
958669
958095
958083
957847
957624
957553
957277
957183
957076
956990
956816
956749
956620
956240
956196
956026
956006
955951
955646
955645
955541
955119
954866
954255
953976
953557
953537
953410
953243
953221
952715
952572
952368
952365
952107
952045
952045
951906
951592
951426
951081
950833
950628
950611
950370
950340
950338
950139
949462
949273
948727
948340
947636
947609
947596
947139
946758
946549
946497
945998
945905
945802
945685
945240
944442
944348
943921
943915
943865
943819
943785
943661
943623
943559
943389
943019
942879
942760
942544
942384
942300
941891
941849
941553
940819
940738
940721
940568
940552
940337
939888
939738
939729
939692
939363
939273
939183
939127
939050
938912
938417
938261
938208
938024
938015
938000
937659
937353
937294
937042
937002
936852
936718
936352
936106
936027
935952
935897
935872
935710
935579
935391
935340
935139
935108
934811
934736
934252
934122
933863
933858
933393
933127
932981
932793
932770
932573
932477
932262
932259
931219
930929
930777
930373
930264
929985
929827
929206
929044
929035
928976
928798
928783
928344
928274
928214
927631
927508
927366
927345
927175
926869
926324
926137
926019
925871
925807
925543
924913
924866
924849
924817
924629
924386
924186
924104
923965
923621
923467
923430
923397
923351
923314
922759
922149
921612
921557
921232
921164
921014
920699
920400
920171
920138
920125
919577
919229
919183
918833
918828
918696
918287
918155
917860
917780
917771
917439
917356
917297
916889
915730
915593
915152
915142
915072
914924
914042
913778
913765
913680
913543
913368
913219
913170
913141
913097
913090
913084
912797
912181
912164
911938
911824
911615
911506
910932
910854
910829
910826
910748
910731
910422
910266
910254
910168
909675
909632
909296
908828
908811
908615
908556
908546
908230
908098
908057
908043
907893
907824
907787
907670
907590
907438
907412
907206
907045
907013
906837
906736
906519
906362
906204
906039
905793
905534
905366
905042
904907
904781
904632
904107
904006
903982
903977
903659
903626
903484
903413
903298
903281
902757
902738
902533
902496
902429
902340
902267
901790
901770
901720
901653
901263
900914
900602
899891
899456
899147
898951
898833
898830
898764
898406
898113
898058
897987
897524
897423
897355
897332
897259
896823
896793
896757
896372
896213
896027
895858
895564
895027
894844
894420
894385
894131
894061
893864
893767
893671
893170
892886
892814
892534
892414
891965
891760
891592
891417
891056
890789
890612
890263
889858
889497
889302
888729
888512
887915
887333
887289
887166
887083
886652
886444
886398
886079
885967
885899
885812
885797
885624
885469
884520
884447
884441
884251
884205
884090
884058
883998
883997
883800
883721
883494
883390
883058
882545
882344
882278
882205
882087
881772
881755
881540
881010
880988
880588
880502
880338
880219
880053
879684
879351
878902
878825
878719
878578
878466
878176
878146
878144
878009
878008
877916
877705
877555
877236
877226
877185
877157
876957
876281
875941
875793
875575
875395
875333
875268
875005
874923
874906
874845
873914
873757
873150
872936
872758
872731
872701
872662
872657
872263
872109
872097
871912
871294
871141
870884
870809
870426
870424
870280
870018
869850
869565
869455
869382
869247
869039
868944
868845
868809
868798
868741
868677
868621
868290
868230
867784
867727
867663
867661
867493
867104
866812
866740
865772
865559
865485
865425
865344
864814
864592
864519
864441
864186
864158
863839
863772
863759
863434
863344
863183
863166
863031
862906
862680
862574
862540
862531
862450
862386
862112
862059
861879
861700
861304
861127
861057
860999
860980
860938
860865
860530
860384
860293
860266
860037
859751
859266
859119
859049
858932
858870
858606
858532
858199
858085
857983
857864
857769
857708
857434
856746
856549
855837
855799
855420
855266
854999
854499
854331
854230
853847
853783
853621
853523
853518
853486
853237
853148
852844
852806
852678
852656
852269
852138
851864
851633
851128
851011
850857
850801
850294
850133
849879
849765
849696
849658
849375
849331
849111
848938
848886
848525
848503
848203
848068
847692
847669
847274
847047
846295
846292
846106
846058
845988
845917
845688
845503
845400
845079
844968
844914
844656
843990
843927
843629
843269
843157
842378
841850
841749
841565
841261
841059
840519
840473
840353
840152
839886
839586
839341
839310
839019
838814
838697
838688
838653
838433
838078
838001
837853
837811
836221
835859
835783
835735
835618
835471
835300
835198
835022
835001
834879
834711
834669
834436
834318
834259
834009
833955
833754
833670
833465
833396
833134
832981
832965
832824
832761
832699
832235
832222
831337
831190
830984
830493
830258
830205
829990
829768
829584
829535
829337
829299
828942
828410
827224
827052
826811
826458
826346
825923
825710
825565
825228
824777
824745
824496
824282
824255
823965
823636
823223
823161
822961
822539
821768
821055
821023
821010
820743
820655
820606
820235
820074
819822
819337
818826
818825
818761
818750
818287
817905
817842
817642
817599
817594
817486
817263
817102
817079
817068
817039
816937
816875
816749
816606
816286
816126
815960
815749
815645
815600
815527
815455
815332
815227
815132
814840
814810
814674
814554
814468
814387
814283
814227
814171
813581
813474
813319
813261
813125
813122
812929
812917
812890
812787
812694
812491
812480
812479
812045
811904
811464
811438
811420
811270
811197
810893
810771
810713
810651
810326
810302
810263
810160
810129
810046
809654
809642
809542
809482
809205
809178
808596
808034
807986
807647
807393
807035
806798
806287
805955
805699
805585
805456
805085
805034
804746
804597
804328
804115
803977
803951
803549
803289
803284
803151
803024
802560
802202
801685
801592
801227
800967
800825
800762
800698
800597
800521
800516
800217
800177
800004
799915
799659
799455
799259
799235
799082
798941
798919
798718
798714
798168
798129
798043
797682
797640
797351
797234
796914
796762
796630
796527
796445
796324
796270
796186
796065
796026
795844
795830
795653
794832
794559
794170
794094
794081
793875
793437
792957
792768
792525
792290
792271
791911
791850
791761
791526
791168
791152
791107
791094
790881
790356
790160
790090
790088
790024
790013
789746
789719
789448
789160
789155
788776
788736
787828
787770
787746
787644
787485
787353
787273
787088
786949
786721
786618
786396
786084
785765
785737
785423
785306
785220
785174
784835
784722
784623
784293
784272
783743
783266
783221
783108
782975
782760
782756
782518
782491
782358
782248
782173
781608
781546
781538
781359
781349
781112
780469
780369
780343
780053
779889
779849
779761
779667
779541
779535
779534
779527
779437
779355
779136
779109
778992
778827
778819
778712
778593
778512
778431
778420
778394
778367
778347
778261
777530
777329
777300
776630
776594
776296
776070
775889
775564
775300
774680
774472
774434
774428
774374
774138
773887
773866
773850
773807
773648
773630
773311
772822
772060
771900
771645
771346
771054
770699
770693
770681
770335
770091
769534
769519
769112
769021
768858
768713
768543
768365
768158
768054
768011
767976
767790
767714
767515
766855
766574
766562
766503
766478
766205
766014
765551
765265
765190
764753
764703
764121
763474
763366
763255
763226
763033
762841
762822
762699
762532
762340
762321
762205
762076
761785
761733
761440
761282
761222
761159
759852
759527
759484
759377
759265
758987
758979
758597
758538
758386
757668
757577
757572
757155
756531
756514
756513
756458
756046
755589
755385
755067
754902
754598
754533
754278
754173
753738
753681
753561
752705
752705
752548
752298
752043
751925
751895
751395
751166
751143
750436
749655
749548
748986
748912
748863
748751
748524
748430
748394
748316
748022
747069
746948
746782
746647
746457
746405
746261
746246
746153
745717
745421
745054
744529
744458
744376
744367
744281
744167
744033
743502
743499
742977
742955
742794
742494
742456
742240
742101
742023
741684
741068
740771
740559
740460
739991
739840
739517
739081
738860
738809
738764
738706
738573
738528
738210
738181
738122
738034
737641
737638
737396
737393
737133
737082
737005
736790
736397
736190
736188
736172
736114
736036
735951
735917
735686
735059
735020
734730
734630
734419
734397
734219
734077
734066
733740
733683
733549
733249
733176
733006
732927
732777
732207
732146
732112
731883
731870
731746
731738
731668
731561
731546
731483
731375
731271
730816
730736
730447
730306
730229
730091
729451
729445
729304
729271
729249
728885
728523
728363
728145
728065
727469
727349
727137
727077
727006
726944
726714
726657
726565
726549
726105
726074
725995
725662
725638
725533
725410
725388
725248
724941
724707
724483
724161
724120
723766
723418
723077
722893
722801
722207
722186
722108
721486
721222
720944
720864
720720
719671
719513
719394
719127
718915
718887
718737
718688
718626
718435
718308
718144
717476
717163
717113
717110
716517
715835
715553
715519
715386
715236
715006
714957
714511
714087
713857
713704
713700
713454
713409
713272
711537
711257
710975
710868
710833
710798
710795
710340
710245
710167
709411
709330
709152
708941
708897
708757
708540
708372
708214
708111
707997
707708
707692
707646
707644
707634
707510
707509
707267
707185
706969
706902
706739
706504
706468
706275
706117
706085
706070
705616
705196
704997
704973
704893
704822
704775
704728
704649
704479
704228
703994
703772
703583
703209
703194
702984
702646
702554
702543
702485
702457
702408
702053
701850
701850
701557
701404
701300
701161
700796
700542
700485
700443
700155
700129
699758
699709
699624
699164
698665
698629
698572
698436
698351
698192
698191
697625
697487
697426
697344
697088
696902
696596
696555
696394
695389
695273
695170
694535
694440
694336
694134
693773
693300
693134
692848
692843
692695
692520
692123
691844
690682
690426
690108
690081
689274
688986
688928
688918
688897
688855
688650
688433
688205
687941
687730
687704
687679
687635
687528
687368
687226
686510
686479
685816
685484
685155
684814
684793
684753
684520
684133
683843
683783
683314
683259
683154
683017
682325
682167
681486
681306
680880
680844
680824
680799
680545
680196
680019
679997
679899
679433
679315
678522
678253
677494
676958
676889
675619
675237
675059
675024
674671
674545
674211
674139
674087
673939
673760
673698
673696
673425
672922
672730
672594
672591
672505
672117
671873
671293
670797
670702
670217
669761
668820
668745
668741
668526
668446
668402
668206
668118
668053
667962
667821
667776
667611
667551
667536
667288
667188
667094
666831
666779
666408
666333
666230
666043
665865
665658
665561
665514
665254
665011
664834
664468
664436
664375
664215
664068
664005
663864
663841
663636
663628
663572
663456
662837
662071
661929
661827
661572
661382
661319
661172
661030
660838
660781
660777
660194
659984
659894
659686
659422
659357
658884
658880
658545
658151
657918
657217
656952
656873
656430
656306
656272
655761
655677
655411
655259
655168
655077
654778
654666
654634
654581
654514
654449
654411
653957
653644
653631
653281
653125
652623
652488
652409
651956
651735
650814
650675
650264
650107
649416
649288
649165
648203
648059
647994
647966
647958
647769
647678
647352
647219
647097
646841
646763
646534
646153
646082
645974
645630
645568
645455
644558
644054
643733
643282
643146
643082
642893
642817
642682
642484
642273
641861
641828
641798
641646
641517
641353
641265
641226
640435
640150
639416
639364
639361
639329
639289
639279
639173
639048
639024
638930
638928
638882
638837
638665
638290
638018
637985
637953
637810
637114
637075
636903
636789
636625
636432
635857
635830
635619
635532
635198
635093
634987
634944
634863
634797
634748
634627
634522
634373
634352
634275
634061
633997
633941
633822
633813
633811
633571
633507
633501
633238
633159
633022
632989
632936
632593
632567
632527
632378
632331
632165
632107
631872
631217
630889
630372
630142
629968
629724
629331
629195
629057
628955
628608
628470
628355
628313
628067
627887
627766
627633
627598
627284
627232
627012
626998
626996
626086
626023
625851
625658
625635
625472
625309
625185
624412
624210
623821
623627
622952
622828
622729
622662
622545
621846
621668
621469
621121
620838
620804
620571
620233
619969
619681
619131
619093
619000
618889
618702
618692
618530
618266
618221
618189
618172
618103
617922
617835
617730
617656
617612
617552
617324
617096
617026
617006
616929
616024
616019
615592
615516
615291
615286
615118
614926
614910
614833
614614
614585
614260
614142
614101
614033
614029
613655
613150
613126
612878
612815
612652
612562
612326
612073
611782
611597
611210
610959
610694
610546
610347
610271
610160
609744
609699
609316
609305
608323
608234
607720
607648
607471
607404
607352
607212
606983
606890
606856
606572
606395
606309
605979
605859
605528
605399
605199
605045
604896
604851
604406
604355
604051
603666
603645
603453
603261
603039
602895
602534
602182
601907
601871
601619
601291
601201
600467
600321
600133
599209
598190
598081
597982
597976
597970
597740
597664
597547
597517
597269
597262
596738
596632
596601
596412
596166
595968
595915
595842
595770
595754
595536
594954
594924
594870
594109
593776
593763
592904
592899
592803
592648
592624
592432
592370
592276
592271
591695
591443
591426
591354
591260
591210
591101
590564
590517
589864
589452
589389
588756
588677
588443
588086
587264
587136
587046
587016
586963
586550
586359
586027
585899
585891
585885
585731
585600
585276
585148
584664
584605
584464
584219
583910
583588
583147
583092
582950
582314
582269
582207
582144
581991
581876
581847
581737
581583
581104
580957
580898
580359
579862
579541
579462
579275
579033
578970
578880
578864
578686
578226
578000
577948
577332
577185
577094
576984
576442
576402
576165
576151
575593
575572
574318
574267
574218
573855
573311
573028
572945
572758
572656
572536
572231
572152
571986
571823
571793
571722
571554
571419
571221
571136
571111
571106
570979
570609
570459
570455
570319
570287
570282
570161
570065
569013
568490
567967
567581
567559
567546
567339
566960
566869
566548
566438
566036
565774
565686
565669
565664
565336
565311
565245
564860
564772
564763
564737
564292
564232
563696
563161
562812
562734
562689
562525
562390
562166
561579
561359
561358
561052
560813
560491
560471
560468
559912
559648
559371
558981
558823
558801
558657
558474
558404
558143
557956
557457
557393
557379
556880
556373
555716
555420
555399
555384
555203
555041
554800
554792
554788
554510
554487
554413
554164
554087
554025
553911
553018
552918
552895
552670
551959
551951
551782
551687
551649
551318
551180
550754
550738
550710
550652
550093
549738
549438
548925
548497
548299
548045
547765
547557
547372
547257
546700
546625
546311
546217
545848
545489
545343
545319
545169
544817
544813
544767
544662
544438
544430
543807
543628
543442
543128
543093
543055
542850
542393
542327
542093
541779
541710
541656
541434
541382
541341
541332
541228
541209
541060
540626
540543
539895
539819
539777
539531
539442
539008
538735
538648
538521
538451
538320
538206
537461
537267
537180
537163
536980
535350
535295
535199
535115
534946
534876
534721
534474
534270
534059
533423
532755
532733
532435
532343
532177
532048
532037
531955
531601
531590
531450
531129
531125
530929
530888
530774
530644
530572
530465
530124
529893
529791
529396
529240
529068
528594
528571
528486
528478
528321
528257
528092
527830
527121
526994
526698
526252
525939
525625
525593
525544
525503
525439
524698
524677
524373
524220
524219
524219
523945
523916
523723
523297
522833
522235
522186
521909
521861
521847
521604
521454
520944
520731
520614
520163
519901
519827
519735
519269
518976
518853
518478
518464
518166
517315
517222
517186
516950
516892
516879
516820
516608
516597
516470
516463
516400
516353
516238
516212
516015
515908
515689
515541
515540
515450
515260
515217
515134
514607
514326
514050
513951
513848
513773
513706
513663
513557
513548
513509
513215
512867
512832
512485
512367
512329
512078
511987
511674
511570
511449
510859
510722
510493
510234
509946
509842
509775
509750
509734
509399
509013
508870
508836
508784
508483
508041
508012
507935
507583
507533
507383
507201
507126
506965
506525
506510
506259
506256
506125
505749
505740
505299
505229
505113
504814
504773
504713
504660
504122
503805
502924
502891
502866
502662
502629
502127
501542
501066
501002
500538
500464
500318
499848
499848
499848
499794
499665
499459
499371
499334
499066
499012
498765
498742
498516
498394
498169
497919
497865
497847
497548
497333
497128
497013
496611
496285
496238
496127
495918
495811
495809
495670
495482
495221
494908
494482
494457
494270
493935
493603
493464
493287
493194
493097
492965
492951
492772
492735
492725
492500
492145
491619
491400
491250
491137
491093
491014
490962
490931
490790
490535
490249
489950
489947
489540
489227
489210
489008
488898
488674
488595
488455
488129
488094
487939
487830
487495
487366
486839
486552
486448
486278
486143
485248
485131
485027
484938
484606
484499
484472
484412
484300
484208
483951
483741
483656
483432
483228
483066
482911
482818
482493
482308
482230
482204
481877
481543
481480
481426
481401
481360
481318
480561
480377
479808
479608
479312
479144
479013
478722
478348
478277
478175
478075
477046
476627
476537
476535
476418
476251
475288
475064
474841
474594
474563
474136
473994
473948
473877
473684
473477
473189
472901
472865
472762
472734
472678
472602
472261
471922
471373
471118
470451
469764
469572
469541
469008
468996
468778
468749
468645
468575
468532
468458
468452
468331
468273
468205
468024
467830
467685
467663
467523
467453
467277
466557
466399
466377
466232
466036
465975
465970
465844
465665
465537
465385
464975
464745
464675
464578
464510
464427
464262
464154
464089
463872
463594
463278
463068
462844
462607
462536
462395
462201
462135
461926
461755
461638
460732
460623
460589
460465
460208
460182
460136
459915
459267
459126
458888
458761
458273
458193
458121
457436
457396
457287
457067
456895
456869
456602
456592
456466
456269
455913
455711
455683
455571
455438
455424
455353
455196
454853
454049
453940
453899
453871
453834
453451
453326
453305
453213
453191
453121
453075
452552
452502
452111
451924
451764
451685
451144
450907
450674
450578
450386
450382
450194
450134
449863
449840
449090
448738
448682
448536
448521
447787
447677
446731
446584
446494
446082
446061
445185
444750
444230
443028
443007
442958
442793
442476
442120
442037
441877
441738
441559
441420
440949
440358
440098
439768
439715
439607
439580
439328
439326
439161
439147
439056
438986
438635
438628
438554
438540
438439
438366
437988
437869
437809
437569
437080
437031
436939
436335
436219
436087
435672
435659
435193
435123
434910
434747
434670
434499
434078
433730
433688
433611
433395
433041
432997
432859
432748
432547
432216
432114
432039
432027
431892
431844
431402
431253
431076
430960
430731
430661
430651
430440
430428
430170
430052
429984
429818
428927
428647
428636
428336
428333
428137
428131
427926
427650
426523
426494
426284
426053
425933
425892
425703
425600
425508
425206
425186
425067
424902
424760
424577
424007
423948
423754
422473
422227
422225
421826
421754
421227
420767
420746
420365
420061
419283
419204
419052
418690
418518
418315
418096
418087
417975
417907
417834
417724
417486
417457
417251
417015
416932
416744
416716
416520
416504
416363
416284
415975
415913
415907
415567
415393
415183
414856
414806
414751
414626
413640
413513
413482
413336
413334
413291
413246
413093
412786
412771
412758
412726
412629
411880
411651
411605
411593
411530
411471
411179
411010
410837
410700
410590
410171
410087
409684
409596
409353
409352
409338
409189
409162
408964
408857
408782
408729
408081
407744
407431
407328
407269
406734
406510
405984
405978
405911
405909
405124
405071
404016
403768
403740
403507
403433
403378
402988
402817
402779
402499
402374
402057
402035
402024
401625
401171
401148
401088
400564
400459
400175
400159
399897
399215
399132
399043
399006
398777
398506
398099
398092
397998
397942
397738
397490
397141
397108
397099
396762
396741
396740
396652
396635
396607
396417
396351
396252
395673
395348
394796
393967
393921
393810
393608
393536
393520
393084
392912
392336
391125
391018
390819
390759
390758
390401
389823
389409
389233
389010
388630
388567
388338
388264
388215
388035
388004
387791
387742
387694
387345
386873
386820
386284
386273
386241
385806
385715
385602
385464
385440
385231
385085
384955
384835
384549
383558
383513
383389
383370
383346
383300
383155
382906
382899
382730
382718
382424
381946
381813
381675
381672
381363
381095
381013
380238
380183
380085
379387
379177
378959
378957
378768
378764
378747
378663
378580
378579
378578
378560
378047
377815
377489
377237
376949
376778
376487
376321
376304
376215
376204
376160
376019
375908
375818
375233
375136
374892
374626
374463
374361
373045
372995
372720
372674
372549
372539
372429
372186
372124
371169
370568
370524
369714
369548
368922
367977
367524
367458
367061
366895
366886
366784
366318
366178
365960
365942
365824
365711
365585
365479
364978
364967
364830
364828
364681
364678
364667
364598
364493
364222
363845
363844
363717
363688
363354
363329
363109
362900
362761
361836
361732
361650
361600
361371
361156
361073
361041
361031
360947
360637
360443
360435
360391
360357
359802
359590
359386
359361
358871
358209
358036
357722
357381
357357
356748
356350
356053
355962
355851
355843
355716
355618
355182
355125
354664
354572
354504
354484
354411
354098
353808
353705
353506
353450
353336
353214
353010
352814
352659
352318
352084
351994
351330
351162
351086
350900
350867
350709
349677
349644
349496
349434
349396
349173
349114
348843
348693
348584
347515
347452
347291
347243
347240
347226
347023
346930
346882
346811
346782
346653
346265
345923
345782
345580
345127
344954
344749
344446
344326
344312
344012
343759
343534
343370
343344
343020
342979
342892
342706
342410
342301
342291
342189
342138
341738
341618
341520
341079
340892
340562
340429
340319
339445
339228
339086
338769
338506
338356
338214
338147
338086
337972
337841
337799
337449
337410
337341
337062
337045
336917
336704
336067
336055
336037
335686
335423
335391
335348
335160
335152
335127
335109
334779
334740
334627
334597
334299
333955
333923
333413
333205
333025
332928
332669
332375
332302
331903
331900
331543
331505
331370
331340
330414
330280
330154
330079
329903
329751
329157
329024
328989
328982
328967
328929
328742
328600
328332
327932
327776
327713
327239
327222
327150
327087
326460
326256
326232
325402
325333
325052
324897
324613
324566
324504
324302
324152
323758
323286
323233
322947
322603
322334
322314
322165
322109
321919
321799
321781
321779
321522
321494
321305
321234
320926
320856
320709
320515
320240
319542
319123
318560
318447
318446
318388
318168
318095
318053
317854
317712
317567
317418
317376
316631
316574
316533
316527
316438
316126
316111
316023
315861
315784
315767
315140
314785
314728
314512
314242
314165
313846
313776
313775
313580
313448
313437
313322
312679
312654
312362
312162
312073
311936
311908
311190
310987
310923
310875
310719
310335
310144
310079
309919
309899
309881
309677
309601
309208
308783
308632
308280
307725
307718
307656
307568
307444
307379
307240
307224
307105
307045
306958
306474
305968
305307
305236
305094
304847
304808
304070
303764
303720
303389
303134
302689
302480
302237
302111
302108
302036
301968
301371
301196
301013
300953
300602
300382
300161
299788
299551
299388
299289
298957
298799
298497
298469
298368
297330
296823
295975
295685
295680
295592
294691
294549
294493
294460
294402
294351
294222
294215
293966
293882
293563
293130
293121
293093
293022
292549
292138
291969
291547
291205
291182
291171
290644
290331
290296
290229
290174
290047
290010
289849
289829
289793
289045
288969
288917
288761
288406
288331
288294
288265
287601
287200
286675
286666
286646
286600
286493
285975
285470
285401
285249
285097
284982
284489
284362
284197
284049
283982
283979
283969
283967
283742
283547
283395
283287
283240
283094
282866
282746
282486
281708
281377
280886
280743
280636
280326
280318
280065
280038
279668
279605
279444
278698
278193
278115
278007
277884
277796
277768
277685
276501
276500
276471
276390
275992
275986
275861
275243
274955
274953
274707
274548
274364
274161
274067
273943
273627
273618
273597
273569
273479
273425
272696
272616
272564
272441
271999
271703
271273
270127
269966
269888
269844
269661
269660
269068
268998
268659
268483
268229
267766
267670
267338
267300
267267
267108
267027
266893
266886
266558
266376
266262
266194
266123
266017
265868
265607
265252
265219
265084
264978
264930
264885
264766
264590
264522
264455
264373
263973
263836
263488
263145
262930
262924
262773
262645
262317
262273
262084
262078
261795
261676
261338
261330
261159
261124
261040
260855
260794
260698
260418
260280
259898
259751
259667
259608
259468
259303
259285
259075
258620
258247
257013
256825
256592
256533
256382
256307
256284
255779
255514
255293
255284
255252
254568
254561
254558
254433
254206
253922
253744
253729
253725
253341
253095
252812
252721
252608
252360
251753
251485
251353
251198
251084
251055
251018
250911
250706
250427
250335
250317
250040
249808
249760
249628
249614
248959
248659
248617
248064
247826
247588
247579
247498
247422
247216
247216
247110
246862
246597
246583
246263
246110
245856
245605
245287
245215
245086
244732
244450
244272
244172
244020
243436
243246
243111
242803
242711
242693
242267
241742
241688
241646
241595
241545
241386
241328
241075
240808
240781
240206
239974
239770
239552
239311
238694
238687
238537
238536
238345
238050
238044
237754
237417
237294
236833
236203
236012
235980
235955
235808
235496
235433
235137
234947
234794
234696
234387
234256
234238
234175
234058
233894
233786
233726
233714
233455
233242
233106
233043
232735
232728
232475
232401
231984
231566
231527
231409
231292
230926
230639
230466
230357
229576
229525
229503
229465
229391
229147
228711
228492
228470
228213
228205
228149
227738
227543
227479
227400
227135
227096
227016
226673
226607
226548
226403
226210
226160
226125
226036
225916
225895
225859
225627
225242
225059
224897
224848
224790
224611
224609
224462
224297
224116
223750
223658
223342
222703
222639
222237
222170
222110
221622
221466
221427
221386
221344
221124
221101
221000
220936
220891
220732
220519
220378
220240
220047
219319
218588
218271
218095
217786
217785
217593
217568
217507
217164
217022
216798
216590
216567
216243
216214
216136
215992
215691
215341
215183
214747
214520
214096
213966
213957
213875
213729
213043
212829
212773
212650
212403
212386
212229
212189
211954
211941
211872
211798
211520
211516
211515
211280
211267
211127
210990
210889
210776
210143
209950
209883
209853
209334
209242
208649
208621
208559
208555
208501
208487
208450
208323
208123
208056
207826
207820
207465
206386
206082
205925
205898
205688
205621
205203
205052
204292
204193
203961
203898
203877
203056
202759
202567
202274
202153
202000
201584
201576
201124
201082
201074
200884
200682
200621
199849
199780
199676
199327
198279
198163
198026
197866
196762
196662
196450
196318
196289
196192
196126
195818
195531
195476
195459
195388
195160
195130
195100
194775
194701
194679
194489
194367
194146
194129
194065
193886
193857
193763
193676
193519
193512
193167
192990
192354
192342
192284
192212
191883
191280
191000
190899
190879
190830
190207
189911
189669
189560
189499
189443
189226
188879
188354
188158
188115
188038
187963
187775
187443
187397
187370
187313
187139
186667
186306
186279
185983
185709
185200
185036
184984
184905
184752
184670
184653
184653
184614
184328
184318
184230
184135
183939
183902
182805
182742
182468
182367
182025
181827
181808
181747
181561
181533
181182
181106
180995
180913
180838
180504
180471
180121
179934
179821
179501
179430
179355
179260
179137
179007
178827
178777
178265
178031
177961
177890
177829
177751
177621
177348
177157
176674
176614
176610
176194
175978
175951
175490
175458
175325
175066
174908
174878
174842
174823
174585
173797
173646
173542
173389
173305
172972
172764
172761
172576
172498
172335
172302
172149
171750
171341
170854
170708
170239
169940
169797
169743
169683
169590
169581
169559
169402
169246
168995
168826
168606
168506
168222
168044
168038
167878
167756
166416
166284
166223
166062
166015
165704
165348
165013
164846
164539
164539
164334
164308
164068
164038
163812
163166
163006
162499
162303
161757
161344
161154
161108
161027
160911
160433
160380
160357
160324
160221
159901
159803
159460
159293
159265
159127
158516
158478
158450
158206
158102
158094
158033
157897
157429
156710
156569
156541
156418
156410
156321
156185
156009
155716
155601
155583
155463
155361
155292
154869
154573
154014
153917
153827
153258
153039
152815
152727
152718
152429
152015
151916
150973
150871
150742
150657
150528
150257
150223
150184
150147
149999
149993
149970
149781
149510
149460
149120
148109
147887
147716
147327
147173
146855
146467
146275
146077
145694
145510
145408
145400
145357
145088
143999
143700
143550
143545
143453
143418
142694
142613
142397
142215
141808
141718
141370
141215
141164
140648
140646
140598
140477
140389
140307
139844
139838
139816
139513
138949
138941
138838
138797
138379
138139
138091
137890
137792
137747
137568
137373
137245
137145
137122
136907
136763
136231
136045
135891
135781
135632
135544
135490
135432
135074
135055
134955
134756
134566
134108
134063
133997
133995
133778
133668
133515
133365
133244
133143
132838
131971
131825
131773
131527
131361
131141
130951
130783
130780
130707
130565
130555
130181
130077
129557
129420
129117
129049
128672
128659
128583
128261
128232
128148
128020
127745
127507
127464
127216
127122
127110
126663
126168
125943
125627
125617
125602
125041
125009
124797
124644
124517
124481
123989
123906
123832
123790
123684
123159
123156
123101
122898
122749
122666
122513
122042
121740
121683
121517
120814
120683
120492
120284
120278
120249
120179
120084
119909
119825
119824
119793
119190
119006
118677
118662
118482
117870
117345
117178
116835
116757
115976
115932
115772
115068
115024
114932
114920
114174
114140
114045
113996
113904
113819
113620
113557
113399
113142
113097
112898
112726
112602
112417
112377
111740
111523
110949
110900
110780
110620
110214
109988
109846
109622
109516
109382
109132
109064
109004
108834
108603
108560
108410
107969
107914
107306
107192
107170
106947
106900
106812
106682
106583
106495
106389
106291
105935
105713
105705
105479
105466
105129
105084
104465
104072
103713
103451
103234
103038
102873
102795
102769
102523
101972
101939
101339
101211
101025
100839
99908
99762
99756
99571
99403
99239
99229
99123
98884
98406
98373
98368
98259
97614
97118
97037
96870
96612
96498
96436
96395
96306
96069
96026
95887
95655
95575
95544
95126
95091
94855
94851
94426
94155
94122
94079
93842
93731
93492
93347
93302
93284
92961
92577
92419
91878
91650
91241
91102
91101
90633
90476
90411
90057
89423
89190
89156
88941
88890
88802
88755
88468
88185
88045
87937
87878
87507
87285
87239
87239
86083
85927
85836
85396
85173
85140
85011
84920
84278
84186
83987
83586
83432
83101
82873
82795
82633
82630
82488
82194
82018
81931
81927
81630
81557
81525
81395
81178
81023
80977
80712
80648
80618
80581
80208
80019
79916
79905
79794
79551
79249
79022
78565
78441
78330
78235
77700
77521
77246
77074
76501
75638
75550
75541
75340
75330
75310
75275
75144
74970
74691
74653
74607
74358
74205
74155
73426
73396
73068
73056
73005
72394
72164
71861
71859
71793
71787
71621
71619
71542
71328
71123
70799
70207
70120
70008
69858
69424
69414
69382
69161
69105
69008
68746
68714
68334
68129
67515
67488
67476
67361
67228
67080
66935
66898
66348
66325
66292
65691
65683
65654
65627
64955
64812
64799
64255
64223
64069
63724
63322
63276
63202
62899
62829
62815
62783
62761
62588
62463
62409
62318
62304
62175
62072
62003
61987
61908
61903
60965
60861
60626
60408
60189
59816
59512
59226
59224
59131
58833
58558
57504
57451
57237
56916
56790
56668
56371
56298
56084
56053
55940
55766
55600
55373
55336
55334
55287
55266
54954
54846
54743
54730
54695
54507
54488
54378
54214
53684
53494
53400
53096
53058
52730
52355
52281
51992
51940
51642
51285
51108
50841
50353
50331
50144
49992
49721
49642
49495
49391
49298
49118
48913
48817
48526
48486
48121
47645
47607
47564
47548
47067
46820
46700
46612
46548
46531
46348
45924
45886
45089
44943
44729
44543
44401
44280
43665
43660
43445
43223
43006
42696
42595
42188
41737
41028
40930
40878
40151
40052
39859
39806
39713
39385
39289
39189
39161
39124
38977
38776
38573
38522
38389
38276
37631
37500
37164
36833
36820
36689
36198
35992
35058
34968
34627
33770
33758
33735
33501
33406
33264
33047
32831
32654
32539
32497
32290
32237
32213
31811
31381
31237
30324
30253
30177
30136
30133
29864
29589
29579
29546
28578
28473
28329
28210
28182
28085
28035
27577
27087
26992
26847
26845
26776
26745
26237
26181
26116
26041
25712
25488
25376
25315
25304
24751
24713
24213
24188
24038
23815
23764
23623
22867
22848
22764
22744
22405
22403
22260
22181
22073
21260
21074
20951
20859
20536
20324
19632
19286
19186
19055
18881
18784
18780
18653
18530
18078
17569
17292
17246
17018
16667
16651
16477
16231
16196
16086
15635
15498
15478
14935
14827
14209
14068
13827
13777
13646
13513
13393
13274
13136
12790
12775
12483
12337
12225
11994
11940
11472
10931
10912
10781
10725
10350
10207
10172
10135
9963
9915
9847
9593
9577
9569
9531
9414
9253
8992
8853
8712
8393
8270
8096
7830
7603
7600
7565
7443
7033
7032
6751
6409
5134
4814
3431
3322
2834
2644
2253
2231
2197
1806
1793
1531
1330
1289
1249
1207
1188
1145
1139
1096
689
546
516
299
167
67
