999655
999282
998775
998065
998017
997241
997080
997036
997025
996166
995618
995485
994410
994347
994035
993708
993610
993505
992938
992913
992568
992446
991904
991464
990641
990493
990353
990156
989017
988491
987445
985571
985401
985341
985047
984870
984566
984561
984360
984252
983776
983745
983346
983179
982978
982896
982607
981952
981554
981476
981464
980814
980717
980636
980387
979805
979551
979399
979372
978990
978142
977854
977741
976823
976727
976693
976037
975931
975775
975423
974681
974408
974146
973391
973307
973209
972687
972630
972509
972279
971667
971348
970933
970851
970755
970691
970672
970609
970030
969864
969030
968955
968487
968275
968266
967349
967262
966530
966305
965933
965725
965610
965429
965188
964969
964784
964389
963669
963657
963642
963094
962827
962792
962550
961812
961696
961260
961018
960873
960627
960250
960018
960013
959484
959480
959275
959167
959145
959100
958934
958032
957770
957582
957544
957079
957041
957026
956930
956318
956044
956004
955965
954517
954513
954370
954363
954209
953997
953377
953080
952781
952736
952591
952401
952292
952284
952268
952094
951966
951501
950438
950359
949884
949882
949654
949210
948852
948265
948231
947979
947503
947319
947073
946618
946303
946103
946065
944405
943942
943005
942672
942333
942042
942013
941754
941645
941282
940718
940673
940373
939905
938526
938433
938119
937937
937704
937690
937567
937313
936188
936127
936033
935363
934338
934175
933856
933811
933436
933212
933184
933100
932785
932406
932086
932045
931842
931277
930794
930654
930359
930198
930092
929743
929714
929054
928679
927243
926852
926582
926573
926536
926422
925435
924810
924737
924711
924383
922464
922406
922056
921668
920854
920553
920460
919654
919588
919254
918313
918041
917987
917862
917818
917653
917486
917274
916955
916799
916799
915885
915569
915537
915455
914719
914660
914643
914425
914037
913936
913497
913223
912300
912191
912039
911439
910340
910216
910106
910094
909917
909807
909326
909026
908918
908687
908386
908368
908205
908191
907395
907059
907009
906271
906189
905974
905859
905103
904938
904571
903427
903370
903285
903142
902903
902652
901205
900970
900969
900762
900289
900262
900225
900043
899461
898705
898532
898356
898339
897973
897600
897541
897463
897384
897261
896819
896646
896459
896117
896103
895946
895691
895671
895083
895044
894446
893533
892574
892342
892298
892160
892139
892066
892037
892008
891594
890659
889984
889500
889209
889102
888589
888043
887967
887928
887770
887440
887201
886719
886383
886304
886098
885868
885298
885151
884997
884930
884695
884187
883626
883597
883595
883380
882446
882192
881872
881824
881597
881214
880324
880295
879981
879960
879622
879527
879234
878619
878300
878151
877710
877486
876763
876665
876255
875917
875472
875275
875074
874591
874569
874528
874419
874248
873985
873487
873420
873381
872706
872699
871959
870699
870688
870606
870560
870535
870505
870378
870065
869243
869085
867787
867397
867255
867117
866175
865870
865555
864446
864184
863767
863652
863367
863285
861992
861953
861544
861271
860623
860617
860539
859823
859683
859466
859308
858323
858286
857936
857817
856958
856729
856520
856085
856060
855815
855761
855694
855206
854755
854514
854311
854173
854129
853724
853651
853568
853461
853387
853376
853283
853009
852981
852948
852694
852446
852410
852058
851718
851552
851139
850529
850459
850266
849356
848767
848763
848745
848636
847941
846676
846282
845703
845622
844864
844597
844559
844258
843978
843376
843211
842847
840874
840796
840338
839699
839255
839016
838966
838909
838283
838166
837374
836231
835682
835554
833976
833956
833917
833905
833216
833141
832625
832164
831548
831502
830599
830419
830355
829700
829166
829109
828652
827944
827129
827025
826204
825982
825826
825704
825489
825335
824919
824437
823916
822580
822510
821472
821186
821040
821013
820559
820339
820107
819737
819435
818947
818946
818771
818677
818113
818072
818017
817999
816508
816003
815458
815142
815080
815003
814795
814773
814115
813783
813138
812542
812074
812026
811987
811956
811933
811626
811541
811535
810520
809831
809750
809413
809264
809077
808698
807573
807195
805669
804922
804857
804799
804702
804565
803901
803448
803260
802750
802070
801923
801875
801563
801523
801493
801401
800891
800526
800494
800466
799983
799302
798937
798833
798516
798235
798228
797013
796955
796550
796468
796384
796016
795883
795118
794174
793558
793542
793539
792259
792086
791939
791835
791740
791337
791164
790562
790506
790471
789790
789718
788933
788628
788479
788138
787274
786915
786653
786638
785717
785408
785384
785091
784806
784695
784646
784520
784421
784294
784205
784192
784171
784037
783195
783177
782981
782710
782574
782509
782409
782346
782320
781893
781715
781507
781301
781191
780902
780782
780209
780066
779507
779094
779068
778922
778730
778490
778330
778166
778067
777349
777161
776985
776907
776500
776231
775956
775906
775455
775310
775145
774823
774749
774223
774113
773771
773734
773582
773547
773208
773189
772479
772329
771912
771207
770652
770638
770140
769918
769765
769693
769633
769596
769456
769207
768898
768378
768330
768301
768046
766878
766780
766648
765239
764286
764238
764120
763965
763817
763629
763217
762100
761665
761605
761568
761536
761000
760823
760735
760648
760549
759496
758511
758202
758185
758031
757764
757234
757108
756893
754681
754040
753820
753720
753689
753564
753384
752752
752115
751329
751230
751031
750951
750769
750636
750628
750046
749975
749948
749135
748154
747908
747708
747693
747270
746980
746948
746870
746711
746021
745925
745703
745450
745211
744297
743926
743880
743824
743761
743749
743429
743291
742986
742703
742326
741844
740837
740686
740586
740323
739836
739513
739036
737616
737510
736670
736251
735675
735646
735575
734991
734165
733959
733507
732909
732548
732325
731565
731443
730938
730607
730232
730150
730024
729661
727519
727491
726926
726723
726199
725140
724792
724783
724242
723881
723661
722816
722438
722362
722240
722227
721818
721571
721429
721079
720296
719518
719244
718587
718541
718527
717961
717027
716649
716196
716118
716076
716027
715721
715536
715284
715254
714046
713851
713144
713134
713070
712107
711842
711665
711594
711400
711313
710745
710113
709454
709306
709254
709130
709059
709005
708952
708658
708281
708104
708046
707894
707590
706891
706738
706108
705783
705496
705096
704854
704576
704374
703580
703488
703331
702901
702840
702735
702172
702110
701690
701346
701091
700726
700712
700459
700387
700303
700155
699949
699322
698757
698589
698468
698385
698324
698061
697549
697297
696424
696411
696318
696055
695829
695808
695687
695671
695608
695510
695329
695170
695078
694229
693930
693926
693851
693349
690001
689854
689053
688997
688867
688828
688296
688239
686939
686242
686050
685998
685899
684870
684537
684103
683890
683641
683632
683496
683408
682673
682616
682581
682420
682046
681755
681479
681443
681287
681286
681240
681183
681164
681136
680235
680179
679714
678763
678321
678128
677895
677780
677656
677143
675505
675504
674988
674963
674727
674685
673911
672944
672920
672585
672567
672508
670934
670649
669532
669376
669354
668733
667987
667742
667424
667336
667285
666598
666520
666360
666275
665351
664978
664966
664165
663805
663511
663207
663133
662468
662411
662385
662150
662010
661414
661109
661047
660819
660618
660513
659917
659403
659147
659057
658611
658186
657993
657615
657028
657022
656308
656237
655508
654935
654827
654758
654377
654140
653898
653589
653568
652925
652879
652526
652113
651896
651635
651566
651326
650777
650610
649730
648724
648633
648490
647908
647498
646676
646214
646139
646103
645773
645035
644958
644907
644727
644550
644471
644415
644180
644095
643486
642993
642817
642756
642639
642400
642265
641317
640796
640663
640142
639263
638445
638365
638236
638155
638080
638022
637698
637004
636913
636745
636677
636633
636613
636568
636496
636445
636308
635727
635712
635681
635636
635612
635366
634815
634614
634243
634029
633562
633500
632794
632677
632673
632411
631872
631724
631092
630908
630700
630412
630171
630009
629604
629203
628561
627750
627195
625336
625163
624893
624756
624161
623547
623504
623056
622776
620622
620554
620459
620364
619703
619610
619595
619134
618763
618685
618424
618091
617502
617450
617444
617294
617196
617192
617169
617147
616978
616641
616519
616224
615887
615203
614882
614692
614419
613581
613577
613070
612810
612088
612041
611247
610704
610534
610103
609840
609557
609313
609043
608278
608203
607738
607576
607328
607000
606550
606528
606135
606011
605395
605114
605085
604718
604675
604572
604483
604107
603410
602637
602498
602414
602299
601529
601259
601087
600863
600763
600684
600210
599532
598824
598534
597736
597722
597474
597205
596091
596003
595637
595247
595196
594901
594520
594341
592922
592387
592212
591553
591253
591136
590825
590721
590549
590329
590068
590037
589774
589700
589694
589551
589090
589059
589057
588017
587188
586844
586797
586027
585593
585587
585212
584871
583562
583199
582894
582598
582573
582236
580654
580581
580569
580564
580338
579981
579610
579083
578948
578557
578550
578037
577254
576741
576417
575210
575180
573849
573549
572953
572951
572253
571649
571585
571576
571564
571406
570986
570840
570500
570295
568867
568308
567939
567742
567562
566197
566054
565405
565313
565312
563909
563857
563635
563399
562498
562033
561944
561891
561417
560644
560476
560020
559589
559430
559354
558984
558530
558364
557999
557624
557593
557343
557168
556550
555928
555916
555576
555480
555470
555167
555113
554863
554481
554384
552973
552887
552625
552044
551939
551734
551340
550424
549278
549203
548961
547759
547524
547424
547252
547226
547002
546558
546336
545520
545328
545192
544924
544872
544846
543697
542319
542228
541736
541556
541377
540898
540800
540781
540744
540595
539828
539227
539152
538891
538680
538225
538185
537577
537178
536444
536090
536073
536068
536052
536012
535890
535480
534375
534197
533393
533267
533161
532161
532072
531769
531524
530786
530161
529738
529731
529411
529132
528264
528199
527793
527074
526935
526867
526378
526315
526225
524849
523733
522779
522643
522639
522160
521779
521711
521351
521046
520580
520131
520104
520055
519763
519501
518895
518576
518446
517932
517786
517151
516650
516414
515746
515741
515509
515096
514780
514774
513575
513427
513272
513271
513209
513086
512534
511377
510976
510964
510735
510702
510525
509435
509423
509292
509130
509011
508998
508791
508452
507659
506965
506642
506554
506100
505201
505114
504845
504734
504469
504453
503517
502375
502231
502127
501805
501793
501409
501207
501195
501182
501166
500831
500452
500353
500223
499869
499645
498958
498308
497845
497041
496997
496028
495385
495305
495054
494477
493843
493029
492442
492225
492193
491879
490705
490394
490260
489853
489718
489602
489269
488840
488718
488698
488447
487574
487410
487246
487213
487208
487195
486867
486670
486628
486238
485902
485808
485490
485431
485246
484610
484369
483796
483413
483110
482645
482219
481880
481472
481362
481133
480081
479820
479402
479225
478742
478604
478040
477801
477641
477594
477336
476001
474896
474869
474582
473871
473785
473639
473543
472924
472509
472132
472084
471934
470891
470517
470118
470085
469852
469737
469279
469275
469225
468510
468437
468300
467877
467730
467646
467517
467366
467099
467087
466903
466767
466591
466177
466175
465960
465720
465641
465363
465060
465056
464813
464733
464618
464339
464329
462108
462080
462047
461614
461375
461306
460968
460730
460207
459790
459751
459720
459174
458356
458035
457994
457748
457285
456060
454992
454679
454613
454553
453595
453340
452410
451969
451788
451780
451262
451167
451156
451021
450952
450641
450478
450367
450274
450203
449831
449136
448399
448319
447852
447342
447174
447159
446854
446823
446673
443195
443186
442683
442679
442624
442613
442114
441534
440687
440496
440340
439764
439482
438883
438564
437777
437498
437388
436345
436165
436125
435910
435677
435547
434798
434703
434646
434345
434319
434255
434099
433893
432855
432807
432704
432589
432329
432062
431876
431082
430789
430377
430366
427718
426471
426372
425962
425346
425237
425117
425072
424648
424518
424082
423625
423147
422916
422891
422840
421762
421657
421489
421127
420948
420902
420620
420517
420054
419857
419681
419616
419199
418759
417947
417896
417540
417440
417186
416984
416838
416616
416317
416149
416031
415761
415604
414725
414435
413339
412920
412680
412525
412426
412105
411604
411510
411344
411207
411133
410758
410355
409697
409116
408534
408150
408043
407835
407747
407426
407131
406145
405973
405525
405234
404919
404253
404140
403928
403404
403358
403262
403247
403216
402995
402437
401593
401135
401007
400667
400586
400003
399759
399715
399709
399465
397956
397891
397570
397333
396997
396761
396652
396638
396536
396485
396382
396215
395937
395816
395631
394740
394637
394595
394545
394394
393782
393663
393295
393233
392897
392756
392699
392563
392397
392086
391664
391507
391290
391265
391178
390957
390406
390403
389905
389789
389463
389073
388719
388568
388559
388544
387826
386240
385852
385764
384830
382567
382419
382370
382133
381931
381773
381657
380954
380603
379762
378209
377759
377499
376619
376411
376042
375982
375861
375558
375532
375112
374940
374189
373506
373364
372423
372308
371314
371283
371161
370890
370806
370369
370083
370001
369977
369706
369418
369284
369017
368993
368911
368570
368482
368348
368266
368017
367876
367371
367001
366620
366455
366418
366302
366239
365940
365612
364636
364504
364163
363998
363847
363655
363320
362794
362554
361993
361846
361591
361428
361074
360992
360185
360060
360050
359673
359651
358982
358666
358330
358230
358194
358026
357275
357185
357049
356975
356964
356727
356077
355727
355619
354790
354446
354284
353998
353151
351788
351460
351456
351218
351048
350421
350383
349793
349622
349390
348963
348261
347717
346795
345015
344918
344817
344777
344048
342868
342679
342472
342325
341655
340553
340141
339895
339113
339085
338935
338834
338080
337319
337146
336871
336744
336145
336023
335659
335650
335550
335195
334920
334645
334483
333978
333975
333651
333524
333428
332283
332203
331604
331403
331401
331237
331215
330732
329399
329335
329301
328536
328273
326984
326170
324821
324097
324070
323406
323058
322594
322586
322257
321086
320880
320590
320105
319901
319436
319099
318505
318009
317143
316087
315722
315459
315010
314774
313649
313576
313473
312175
312001
311975
311425
311137
310696
310646
310562
310307
310208
309998
309310
309237
308937
308799
308510
308168
307995
307876
307603
307189
306408
306347
306154
305680
305644
305135
304831
304232
304119
304098
303127
303023
303019
302257
302094
301939
301460
301373
301210
300834
300824
300678
299873
299755
299285
298902
298757
297762
296323
296200
295893
295892
295880
295726
295519
295452
295400
295334
294972
294848
294644
294466
294322
293922
293883
293594
293104
292681
292465
292394
291257
291243
291003
290922
290917
290793
290649
290275
290027
289727
289486
289123
288991
288278
286535
285742
285385
285205
285142
285017
284945
284860
284744
283909
283750
283344
283226
283028
282853
282604
282095
281969
281202
281179
280752
280449
279748
279124
279069
278962
278637
278423
278256
278210
278210
278097
278083
277867
277475
276799
276611
276349
276347
276314
276071
274971
274924
274919
274891
274050
273841
273806
273722
273456
273262
273045
271929
271329
271210
270399
269604
269122
268016
267411
266103
266045
266011
265824
265467
265346
265323
264168
264050
263901
263645
263461
263139
262838
262503
262432
262319
260822
260424
260382
260209
259965
259062
259011
258606
258196
257327
256983
256806
256800
256503
256497
255990
255955
255880
255361
254616
254562
254244
254213
253946
253621
253219
252786
252638
252135
251666
251313
250991
250653
250218
250166
248798
246687
246526
246136
245651
245417
244397
243687
243602
243347
243256
242990
242980
242858
242376
242223
241995
241052
240562
240295
238995
238937
237756
237716
237572
236832
235977
235715
235617
234565
234521
234362
233170
232583
231750
231507
231236
230994
230632
230442
230339
230025
229568
229328
229302
229293
229193
229104
228713
228590
228411
228380
228216
226908
226891
226555
226437
226267
225718
225445
224769
223863
223827
223815
223225
222859
222389
221683
221380
221013
220961
220935
220898
220897
220836
220246
220121
220097
219758
219594
219568
219532
219008
218523
217382
217188
216386
216283
215518
215390
215162
214986
214779
214548
214534
214337
213955
213908
213663
213662
213596
213220
212820
212342
212332
211212
211209
210672
210423
209880
209870
209824
209797
209079
209067
208973
208564
208302
207963
207438
206983
206933
206779
206550
206354
205608
205429
205264
205246
205134
205002
204416
204299
202393
202266
201707
201611
201352
201119
200953
200299
200084
199896
199775
199643
198931
198752
198602
198262
197951
197748
197267
196657
196507
196425
196189
195768
195704
195202
194929
194867
194856
194090
194033
194017
193716
193269
192853
192630
192544
191997
191169
191117
190818
190159
190039
189550
189524
189375
188969
188930
188348
188326
187588
187128
186794
186482
186240
185858
185576
185249
185235
185222
184645
184438
184329
183831
182550
182291
182064
181862
181702
181587
181529
181284
180422
180329
179973
179876
179692
179240
178690
178046
177602
177570
177494
177447
177235
177143
177114
176969
176827
176301
176100
175759
175007
174526
174019
173688
173504
173112
172802
172587
172469
172290
172033
171808
171025
170964
170681
170321
169946
169768
169128
168999
168879
168031
167966
167609
167586
167562
167556
167277
166722
166165
165776
164852
164793
164422
164278
164167
163770
163744
163384
163351
162874
162647
162243
161731
161612
161436
161369
161262
161130
161109
160909
159678
158479
157826
157296
157001
156437
156359
156199
156069
155690
155238
155094
154691
154220
154156
153539
153256
152684
151845
151597
151585
150751
150043
150037
149540
149515
148704
148694
148436
148229
148055
146603
146012
145533
145284
144562
144225
143982
143772
142766
142389
141795
141570
140945
140934
140569
140450
140295
140243
140107
139596
139444
139351
139311
139266
139143
138776
138415
137929
137909
137363
137299
137283
137260
137123
137100
136815
136739
136706
136559
136540
135883
135672
135569
135529
134818
134715
134584
134324
134000
133984
133590
133524
133351
133246
133015
132950
132392
130913
130624
130262
129696
129559
129532
129516
128976
128581
127898
127234
127120
126883
126719
126438
126367
126316
126192
126042
125675
125567
125259
123712
122543
121865
121415
120544
120174
120085
119974
119526
119487
118616
117897
117826
117344
117046
116990
116358
116196
115790
115766
115698
115585
115516
115058
114300
113939
113925
113800
113448
113294
112962
112658
112637
111395
111077
110453
110187
109981
109954
109936
109381
109126
108944
108777
108643
108576
108237
108150
107953
107589
107326
106728
106486
106455
106368
105777
104695
104430
103713
103457
103289
103200
102506
102245
101938
101523
101292
100752
100520
100445
100363
100011
99398
99078
99060
98689
98678
98002
97882
97479
96812
96254
95973
95705
95644
95640
95231
94891
94170
93862
92937
92785
91946
91307
91091
90909
90876
90832
90186
90043
90039
89771
88865
88804
88608
88458
88226
88201
88069
88062
86953
86468
86080
85814
85522
85465
85201
84827
84719
84543
83892
83616
83488
83329
83247
83131
82633
82332
81898
81352
81266
80951
80713
80698
80428
79647
78732
78645
78568
78044
76372
76220
76143
75981
75889
75776
75686
74939
74642
74394
73749
72704
71852
71846
71782
71733
71668
71667
71660
71530
71413
71344
71098
70925
70901
70681
70597
70559
70553
70282
69917
69506
69455
69253
69032
68452
66923
66706
66254
65645
65557
65463
64801
64270
64058
62446
62351
62270
62169
61884
61621
61167
60732
60658
60617
60341
60143
60119
60084
59178
58170
58017
57847
57177
57123
56937
56616
56520
56509
56427
55879
55822
55341
54994
54939
54887
54366
54048
53310
52400
52221
51991
51980
51651
50961
50830
50437
50348
50245
49847
49589
49303
49151
49008
48720
48191
47360
46534
46296
45839
45273
44952
44683
44455
43931
43735
43616
42521
42134
41758
41361
40219
39152
38873
38766
38679
38384
38041
37725
37260
36799
36603
35845
35551
35519
35391
35245
34468
33950
33813
33806
33805
33401
33106
33059
33053
32994
32213
32143
32139
31471
31343
31332
31310
30975
30240
29725
29563
29436
28734
28348
28119
26566
26296
26259
25868
25171
25072
24700
24444
24103
24074
23397
22747
21132
20992
20827
20231
19792
19654
19479
18581
18400
17989
17979
17716
17313
17181
16574
16521
16384
16268
15212
15132
14720
14670
14561
14548
14361
13940
13738
13618
13433
13287
13131
13028
12821
10872
10817
10514
10170
9894
9063
9058
8559
6963
6592
6544
6344
6317
6317
5290
5052
5000
4788
4442
3960
3496
2880
2830
2778
2443
2293
1890
1862
161
79
