998932
998743
998698
998228
997134
996645
996007
995454
995107
994367
994202
993833
993794
993078
992123
991856
991170
990795
990634
990420
989341
986922
986197
985776
985647
985310
985141
984773
983637
983331
983255
982651
981671
980162
979910
979708
979016
978262
977490
976051
975565
974820
974635
974274
973868
973437
972746
972141
971679
969177
968843
968775
968171
968138
967693
965640
964631
964054
963759
963452
963100
962911
962795
961692
960679
960601
959906
959832
959589
959205
959203
958994
958694
958389
957461
957172
956793
956617
956475
956123
953740
951782
951393
947860
947751
947539
945524
944951
944077
943906
942782
942727
941661
940833
939643
939573
939204
938894
938717
937734
937600
937471
937406
936783
935630
935030
934944
934769
933751
933427
933097
932087
931835
931737
931590
931381
931170
930986
930566
929608
928749
928381
928236
927589
926840
925929
925761
925171
925117
924688
924644
923448
922626
922470
921896
921525
920408
920210
919665
918665
917827
917623
916671
915960
915694
915040
914931
914497
914343
913816
913299
913196
912921
912186
911695
911581
911081
910375
910280
909885
909556
909082
907786
906916
905136
901675
901240
900713
900574
899540
898881
898768
897628
896934
895655
895555
895384
895317
894021
893719
893633
893347
893204
892509
891818
891481
890746
890510
890239
890112
890102
889396
888665
887925
887358
886843
886615
885650
885139
883230
883017
882371
882151
881463
881304
881273
881269
880904
879833
879257
879102
878933
878608
877781
877309
876660
876273
876005
875734
875217
874890
874384
873068
872166
872045
871706
871159
869650
869596
868282
867665
867026
866500
865947
865706
865636
865479
864647
864010
863893
863570
862135
860578
860140
860032
859593
858427
858421
858152
857698
856895
856705
856352
856139
855929
855686
855446
855190
854611
850890
850781
850493
850075
849608
848186
846028
842936
842444
841226
840743
840299
839864
839690
839569
839565
836646
834031
830890
830474
829680
829655
827183
825663
824222
824053
824051
823834
823828
823804
823670
823104
822871
820988
820839
820588
817438
817387
815911
814890
814388
813826
812776
812724
812607
812114
811912
811374
811260
811246
810944
810937
810936
810804
810092
810076
809392
808396
808188
807008
806440
805000
804863
804600
803974
803672
803027
802564
801659
800627
800117
799564
796120
794702
792937
792222
791481
791011
789565
789478
788308
788207
787969
787767
787692
787168
787119
786198
784991
784710
784183
783772
783477
783414
783064
782837
782629
782269
781010
780561
779863
778656
778043
777819
777660
777437
772075
771551
770851
770341
769163
767591
767033
766740
766538
766484
765499
763442
763232
763202
762086
760568
760361
760197
758744
758713
758453
757386
756854
756831
755928
754898
754133
753085
752585
751723
750383
750105
749810
749802
749556
746424
746343
746180
745889
745562
745314
744790
742443
742279
742251
740076
738969
738535
738353
737533
737511
737205
736137
735121
734149
733770
733363
733004
732411
732270
732113
731761
730974
730222
729685
728717
728679
728576
728419
728004
727010
726964
726381
726162
725027
722044
721983
721963
721757
720111
719910
719640
719438
717445
717278
716919
716002
715543
714641
714455
710699
709787
709466
709302
707336
707318
706149
705987
703238
701941
701737
701606
700605
697873
695789
695718
695225
694617
693204
693166
691659
690434
689665
688914
688767
688574
688046
687846
687134
684596
684015
683878
681459
681280
681095
680662
680233
679906
679206
677490
677485
677254
677120
676890
676443
676132
675065
674904
674871
674053
672190
671378
671366
671001
669372
668872
667876
666876
665937
665273
665135
664955
664090
663739
663396
663154
662819
662045
661964
660753
660649
660124
656639
653920
652269
651851
650577
650141
648378
648191
648188
647070
646705
645969
645599
644207
643903
640664
639435
637059
636023
635774
633646
633505
633392
630633
628760
627578
624738
623431
622550
622439
622113
619129
619074
618053
618001
617628
617578
617400
616200
613740
613423
613419
612300
612233
612213
612050
610697
609411
608008
607816
607180
606368
605324
605089
602581
602315
600367
599531
598829
598050
597335
597141
597002
596099
595164
594949
593623
593495
593061
592702
592429
592253
590931
589302
588305
587282
585919
585723
584304
584301
583870
583749
582783
582421
581273
580838
579937
579365
579023
578107
577766
576910
576842
576791
576636
576166
574316
573498
573452
572900
571217
570885
570260
568738
568485
565736
565306
564233
561870
561142
560638
560530
559562
558602
558224
556773
553902
553860
553717
552789
551854
551594
551073
551040
548754
546914
546516
546409
546000
545805
545685
544436
544007
543885
543473
542477
542254
541178
540935
540798
540650
539740
537777
536850
536198
536148
535702
534951
534008
532081
531347
530349
529755
529506
526763
525643
524334
523610
523402
522698
522662
521240
520997
520225
519941
518659
518356
517645
516611
516351
515311
514483
514011
511780
511739
511552
510566
510158
509555
509377
508710
506187
505896
503784
503385
502803
502213
501689
501489
500240
500141
500138
499269
498718
498596
497914
497235
497087
496861
496818
496311
496110
494555
494260
493731
491841
491688
491382
490412
488969
488673
487902
484697
484451
483821
483817
483738
483556
483270
482979
481519
481331
481018
479824
475830
475290
475267
472532
471608
471289
471102
470646
469701
469008
468984
467687
467442
466034
465194
463841
463719
463689
463452
462423
462281
461537
461385
461167
460858
459865
459716
459663
459370
457261
454944
454524
453638
453150
452170
451901
451189
448488
448039
447904
447872
447496
447237
445680
445255
445233
444485
443652
443386
443132
442978
442210
439103
438667
438231
437527
436429
435939
435259
433905
433083
432845
432747
432270
431817
430390
430074
429121
428635
427843
427213
427212
426958
424750
423922
423629
422366
421905
421271
420099
419803
418608
416693
416026
415334
414840
414495
414227
412480
411028
410669
410438
410130
410057
409942
409726
409700
409513
408038
407969
407668
407300
407183
406928
406571
406195
405610
404886
403722
402642
401774
401641
400863
400725
398482
398478
395399
395013
394548
394334
393634
392174
391544
391252
390852
390534
390447
389945
389529
389283
388593
387203
386323
385938
385789
385516
385508
385002
384812
384396
383770
381973
380973
380052
379631
376293
375882
375842
375818
375711
374909
373983
373823
373761
373698
372142
372029
371657
371352
371078
370714
369006
367638
366822
365915
365801
365690
364314
363857
361588
361288
361266
361119
359411
358776
358496
358379
357173
356436
355562
355341
354967
354351
353337
353272
352959
352468
351542
349785
349418
347950
346607
346168
345543
345329
345222
344469
344365
343075
342775
341635
341199
340857
340772
339900
338918
338205
338158
338013
336331
335733
334480
333534
330777
330254
328753
328624
328602
328477
328446
328195
328135
327711
327165
326696
326651
326429
325952
325095
324857
324820
324694
322663
322481
321972
321428
319101
318079
317878
317169
317131
316911
316408
316392
314780
314734
313903
313194
313030
312285
311769
311320
310853
310656
310525
310263
308881
308563
308156
307279
307214
307032
306574
306448
305318
303864
303414
303121
302086
302031
301796
301307
300880
300194
300120
300110
298842
298775
298277
297839
297371
295367
294632
294178
293355
291567
291209
290721
290525
290450
289189
288929
288858
288299
287029
284900
283630
283030
282761
282350
282060
280413
280254
280219
280061
279237
277198
277032
276938
276541
276142
275868
275789
275256
274058
273680
273644
271190
270738
270196
269654
268957
268113
267908
267389
267234
265464
265456
264853
263490
259506
259427
259239
259085
257977
257640
256901
256867
256686
256448
255658
254713
254242
253989
253898
253632
253290
253263
253231
252574
252340
251865
251059
249859
249253
249188
249040
248914
248904
248850
248832
246693
246669
246118
245721
244946
244023
243593
243324
242336
240743
240710
240372
240184
239292
239110
238912
238842
238706
238144
237564
237236
236910
235956
235659
235527
234832
234775
234654
234055
233071
232879
232183
231931
229787
228860
227384
226992
226698
225386
224947
224901
223123
222855
222265
221602
221507
221269
220238
219983
219903
219818
219328
218406
218177
217981
216219
215928
214785
214423
214116
212447
212073
211155
210986
209868
209754
208100
206670
206534
204600
202415
202284
200523
198409
198206
197921
197823
196630
196379
196308
196291
196118
195910
195526
194798
194748
194722
193264
193220
193191
192859
192492
192412
191835
191315
190801
189421
189414
188551
187541
187197
186522
186521
185954
185426
184828
184627
183706
183073
181947
180826
180423
180261
179174
177687
177349
176849
176680
176187
176093
175677
174697
173474
173012
172517
172290
172272
171738
171350
170483
168118
167569
167072
166785
166574
165423
165195
164103
164022
163792
162393
162388
162095
161599
161032
160513
160081
159647
159300
159298
159058
158974
157304
153805
152870
149872
149656
148597
148229
148026
145832
145474
144540
144177
143942
143778
142302
141805
140901
140504
140346
140036
139667
139258
137766
137352
137003
136959
136893
136269
136126
135999
135793
135155
135054
133807
133416
131483
131197
131100
130904
130686
129415
128456
128237
127385
125735
124762
124606
124519
124120
123997
123558
123126
122709
122058
118492
118067
117895
117790
117668
117373
117319
117208
116690
116103
115386
114658
110087
109182
107297
107061
106995
106768
104625
104510
103974
103164
102410
101842
100248
99990
99596
98165
97977
97905
97800
96467
96389
95849
95582
94498
94441
93324
93205
92051
91791
91371
90912
90492
89754
89567
89479
88402
88117
87588
86937
86742
86253
85983
85325
84880
84728
84522
84199
83219
83086
82912
82706
80474
80452
78833
78086
77856
77133
76985
76704
75485
75446
75286
74791
74303
73934
72411
72044
71799
71055
70296
69859
69834
69801
69279
68604
68360
67324
66967
66929
66583
65929
65112
64683
64388
64293
62845
62159
61989
61826
60924
60518
60003
59076
57997
57653
56701
56250
55535
55520
55494
55484
53927
53573
53181
52504
52463
50985
50582
49584
49487
48833
48148
46699
46679
46376
44420
42046
41538
41088
40253
38708
37663
36041
35771
35423
35418
35156
35136
33458
33335
32554
32319
31093
29778
29446
29137
29032
28532
26814
24696
24411
23420
23281
21628
20702
19182
15827
15749
15428
15414
15243
15204
14722
14612
14172
14157
12700
12576
11637
10028
9165
8929
8194
7591
7230
6739
5346
3834
2623
2327
