999716
999634
999536
999471
999455
999425
999399
999343
999324
999216
999169
999147
998822
998751
998469
998405
998274
998111
997943
997938
997877
997869
997805
997758
997733
997642
997611
997570
997494
997483
997467
997304
997281
997232
997179
997088
997046
997014
996922
996849
996848
996836
996741
996730
996355
996331
996314
996226
996186
996047
996010
995888
995877
995858
995603
995582
995539
995506
995406
995224
995077
995046
995038
994988
994933
994914
994472
994423
994345
994317
994309
994189
994106
994017
993969
993840
993583
993533
993291
993232
992925
992889
992809
992778
992710
992706
992587
992475
992371
992298
992282
992159
992087
992051
991855
991778
991684
991637
991575
991493
991476
991428
991361
991300
991241
990920
990905
990879
990866
990821
990348
990333
990090
990078
989857
989856
989753
989708
989563
989539
989500
989417
989409
989319
989244
989236
989205
989145
989033
988912
988876
988801
988751
988744
988663
988446
988069
988038
987791
987623
987581
987571
987541
987492
987465
987243
987163
986997
986960
986891
986810
986778
986574
986538
986461
986415
986410
986343
986016
986000
985967
985931
985702
985691
985602
985400
985389
985365
985364
985346
985254
984972
984953
984942
984793
984781
984703
984642
984635
984424
984281
984225
984166
984138
984104
984059
984051
983972
983846
983748
983724
983644
983624
983585
983421
983342
983019
982923
982912
982792
982591
982585
982456
982105
982062
981631
981374
981344
981271
981016
980977
980938
980918
980843
980801
980730
980718
980635
980484
980355
980132
980057
980031
979908
979723
979672
979616
979392
979388
979382
979235
979217
979206
979097
979038
978747
978660
978594
978566
978357
978144
978086
977984
977974
977395
977391
977366
977329
977265
977237
977022
976893
976633
976463
976449
976191
976191
976102
975934
975912
975756
975620
975618
975613
975598
975457
975415
975382
975374
975332
975274
974826
974755
974708
974677
974639
974605
974401
974329
974114
974033
973656
973615
973613
973545
973522
973291
973192
973158
973041
972918
972882
972743
972601
972572
972474
972416
972389
972228
972135
972041
972006
971899
971761
971689
971593
971593
971109
971084
971045
971044
971012
970994
970955
970892
970841
970747
970734
970714
970663
970647
970345
970218
970153
970039
970039
970017
969964
969903
969864
969793
969760
969603
969465
969412
969300
969214
969184
969058
969036
968925
968777
968538
968458
968409
968245
968229
968210
968194
968143
968129
968115
968021
968011
967981
967966
967843
967776
967742
967605
967565
967528
967483
967469
967288
967229
967154
967119
967086
966990
966985
966950
966920
966800
966734
966688
966641
966638
966355
966308
966258
966040
966031
965912
965827
965818
965634
965626
965616
965557
965336
965312
965040
965015
964940
964674
964187
964105
964055
964007
963882
963789
963704
963520
963316
963263
963200
963170
963085
962884
962880
962856
962621
962393
962341
962282
962088
962034
961855
961744
961584
961365
961281
961272
961192
961183
961100
960798
960779
960764
960592
960314
960280
960167
960055
960015
959978
959941
959741
959682
959604
959580
959239
959204
959147
959022
958949
958939
958919
958917
958824
958801
958659
958439
958261
958181
958048
957948
957894
957791
957694
957670
957607
957513
957409
957292
957211
957133
957059
957047
956984
956943
956817
956522
956511
956479
956464
956347
956334
956329
956278
956171
956086
956035
956010
955882
955880
955815
955697
955633
955592
955382
955379
955330
955202
955099
955068
955026
954998
954950
954794
954788
954589
954425
954086
953972
953587
953429
953425
953421
953419
953336
953309
953159
952809
952807
952775
952750
952651
952578
952435
952411
952334
952206
952127
952095
951971
951926
951672
951652
951564
951534
951486
951368
951128
951097
951029
950889
950787
950762
950736
950642
950589
950584
950385
950353
950243
950201
950197
950102
950049
949870
949862
949841
949797
949770
949543
949476
949169
948894
948788
948506
948358
948219
948113
948112
948043
948018
947731
947727
947645
947466
947435
947335
947301
947184
947177
946948
946930
946926
946877
946671
946647
946580
946484
946478
946476
946353
946214
946099
946086
946068
946002
945940
945805
945757
945712
945582
945556
945333
945267
945234
945172
945145
945133
945127
945083
945019
945018
945012
944850
944804
944791
944659
944395
944241
943877
943827
943815
943747
943743
943740
943717
943664
943645
943618
943425
943309
943208
943193
943174
942985
942983
942808
942683
942501
942361
942267
942263
942206
942127
942062
942021
941968
941896
941877
941727
941673
941625
941547
941545
941309
941123
941110
940882
940874
940748
940233
940171
940164
940050
940023
939866
939862
939814
939562
939525
939415
939353
939184
939018
939001
938999
938962
938906
938905
938750
938738
938730
938661
938635
938547
938506
938148
938137
937791
937725
937692
937652
937417
937378
937242
937239
937211
937138
937125
937121
937068
937062
937051
936953
936853
936777
936616
936496
936464
936417
936347
936276
936137
936105
935928
935911
935863
935676
935641
935529
935277
935223
935220
935090
934718
934652
934618
934612
934576
934559
934474
934469
934425
934102
934078
934019
933931
933883
933713
933444
933276
933266
932929
932805
932757
932752
932678
932572
932560
932537
932484
932432
932345
932302
932045
931632
931464
931371
931297
931081
930975
930855
930793
930732
930567
930376
930224
930206
929928
929684
929647
929514
929468
929429
929238
929132
928940
928921
928403
928370
928050
927943
927918
927840
927730
927708
927469
927101
927033
927026
926926
926905
926697
926641
926488
926329
926049
925797
925522
925388
925292
925190
925167
925083
925045
924832
924803
924711
924608
924570
924467
924451
924395
924389
924342
924192
924181
924179
924105
923827
923692
923405
923163
923138
922918
922729
922688
922641
922454
922337
922274
922240
922094
922081
922079
922064
921806
921686
921647
921339
921203
921199
921019
920868
920808
920799
920722
920721
920696
920408
920403
920337
920332
920204
920108
920026
919924
919847
919748
919620
919435
919298
919247
919035
918946
918795
918531
918270
918090
917930
917915
917892
917602
917494
917418
917351
917161
916989
916854
916813
916776
916755
916519
916503
916285
916196
916054
916003
915996
915880
915638
915637
915629
915491
915473
915467
915425
915215
915135
915121
915114
915046
914966
914908
914602
914589
914425
914391
914257
914157
914094
913720
913587
913343
913229
913154
912994
912909
912794
912682
912646
912627
912613
912611
912381
912333
912322
912209
912104
911854
911803
911690
911482
911463
911450
911421
911306
911164
911136
911063
910984
910909
910761
910524
910519
910251
910174
910090
910006
909801
909753
909613
909462
909455
909425
909380
909291
909104
909021
908986
908976
908833
908683
908670
908563
908498
908283
907995
907902
907879
907602
907514
907386
907382
907355
907263
906889
906765
906647
906501
906400
906266
906177
906136
906041
906002
905717
905621
905590
905435
905411
905275
905267
905076
905000
904826
904580
904452
904229
904022
903954
903895
903764
903642
903411
903261
903260
902796
902592
902380
902265
902247
902221
902161
902151
902052
902022
901895
901884
901854
901853
901737
901669
901602
901404
901372
901105
900919
900882
900875
900717
900708
900682
900629
900245
900205
899987
899751
899619
899531
899446
899333
899301
899250
899222
899145
899133
899123
899099
899072
899025
899025
898984
898982
898840
898828
898560
898457
898175
898166
898119
898023
898023
898005
897994
897820
897785
897772
897695
897624
897604
897538
897403
897382
897375
897366
897275
897208
897121
897114
897110
897071
897005
896893
896780
896532
896417
896305
896236
896198
896175
896155
896070
895814
895810
895736
895696
895592
895510
895464
895165
895126
895047
895031
895017
894729
894629
894504
894482
894335
894334
894242
894225
893919
893868
893838
893738
893717
893601
893464
893432
893340
893334
893324
893225
893164
893117
892781
892692
892456
892287
892263
892230
892218
892178
892120
892021
892018
891849
891734
891690
891645
891416
891414
891360
891171
891107
891010
891006
890682
890613
890465
890423
890367
890322
890317
890239
890176
890098
890088
890068
890047
890015
889872
889697
889680
889622
889620
889495
889386
889302
889114
889019
888857
888606
888532
888450
888085
887877
887857
887847
887842
887838
887805
887789
887785
887736
887573
887561
887455
887427
887409
887338
887309
887308
887302
887229
887102
887071
886886
886759
886728
886715
886560
886474
886473
886407
886267
886178
885747
885683
885654
885198
885157
885122
885077
885048
884978
884908
884885
884884
884750
884509
884455
884354
884349
884308
884210
884047
884028
883864
883780
883340
883310
883296
883243
882979
882934
882826
882786
882706
882635
882635
882556
882546
882440
882424
882232
882196
881801
881717
881702
881647
881294
881277
881213
881057
880983
880926
880603
880495
880357
880235
880217
880104
880100
880046
879707
879566
879556
879375
879346
879275
879245
879189
879081
879031
878880
878879
878818
878785
878659
878626
878599
878512
878391
878354
877827
877637
877444
877437
877416
877338
877312
877293
877278
877188
877129
876935
876697
876664
876649
876645
876615
876524
876392
876381
876380
876369
876368
876157
876073
876068
876060
876016
875868
875722
875611
875306
875255
875112
875007
874832
874513
874488
874385
874083
874052
873889
873773
873736
873719
873626
873599
873421
873392
873210
873119
872978
872963
872795
872605
872532
872493
872457
872424
872321
872264
872209
871988
871913
871583
871517
871431
871342
871058
870934
870636
870269
870114
869902
869866
869745
869619
869478
869467
869376
868944
868781
868571
868571
868570
868538
868474
868392
868355
868286
868278
868252
868222
868199
868145
867845
867618
867543
867387
867386
867315
867294
867265
867239
867194
867094
866843
866723
866710
866696
866631
866601
866559
866446
866420
866418
866028
865920
865889
865868
865726
865718
865694
865442
865179
865005
864668
864410
864267
864199
864176
864078
864019
863904
863819
863728
863561
863432
863424
863355
863336
863326
863273
863223
863095
863068
862947
862906
862830
862829
862776
862742
862685
862544
862532
862301
862273
862135
862095
862062
862035
862028
861991
861744
861540
861496
861491
861456
861444
861243
861148
861072
860870
860866
860763
860737
860479
860418
860346
860203
860185
860006
859991
859964
859934
859857
859829
859819
859796
859783
859614
859559
859426
859382
859212
859134
858875
858728
858721
858676
858634
858586
858563
858452
858418
858402
858385
858352
858332
858205
857916
857732
857604
857462
857458
857413
857293
857170
857054
856843
856819
856582
856418
856275
856030
856024
855868
855842
855782
855713
855676
855675
855583
855495
855489
855347
855034
854929
854693
854650
854465
854430
854160
854134
853917
853891
853860
853758
853716
853703
853586
853458
853352
853166
853010
852879
852702
852697
852581
852385
852352
852232
852230
852209
852137
852032
851765
851736
851701
851564
851088
850992
850975
850857
850847
850797
850420
850181
850138
849790
849740
849666
849559
849525
849216
849086
848990
848895
848648
848623
848467
848399
847948
847597
847451
847385
847313
847307
846943
846825
846716
846651
846644
846577
846575
846453
846410
846359
846222
846082
845641
845599
845560
845558
845484
845480
845126
845123
845064
845030
844848
844777
844653
844544
844446
844427
844400
844383
844309
844229
843976
843957
843881
843831
843579
843507
843309
842974
842950
842914
842866
842812
842705
842450
842409
842271
841979
841927
841890
841842
841499
841314
841223
841152
840953
840929
840847
840499
840435
840374
840158
839923
839911
839723
839625
839488
839409
839282
839157
839145
839068
838996
838828
838815
838668
838508
838367
837997
837983
837952
837909
837835
837655
837633
837619
837606
837598
837554
837454
837441
837418
837262
837096
837081
836975
836945
836936
836827
836798
836793
836598
836256
836121
836034
835872
835858
835840
835839
835542
835510
835432
835425
835386
835322
835296
835282
835276
835103
834994
834957
834928
834879
834823
834707
834553
834429
834360
834224
834090
834050
834036
834019
833917
833789
833619
833391
833344
833328
833297
833295
833246
833112
832717
832713
832712
832589
832515
832486
832407
832387
831696
831662
831622
831453
831261
830903
830795
830789
830781
830759
830659
830586
830508
830444
830263
829957
829827
829694
829654
829621
829214
829174
829173
829164
829130
829114
829063
828878
828875
828554
828436
828143
828136
828064
827927
827863
827673
827612
827461
827452
827413
827390
827383
827306
827288
826999
826977
826900
826897
826831
826684
826340
826211
826204
826181
825862
825704
825613
825587
825426
825401
825332
825301
825209
824933
824849
824704
824679
824227
824023
824015
823985
823882
823687
823308
823272
823224
823190
823142
822930
822897
822838
822759
822647
822501
822291
822209
821960
821959
821716
821697
821691
821467
821264
821261
821057
821000
820858
820854
820829
820804
820634
820521
820516
820333
820291
820191
820185
820100
820018
819986
819901
819800
819707
819548
819543
819541
819540
819532
819306
819180
818896
818804
818639
818554
818414
818330
817580
817574
817399
817385
817357
817346
817304
817281
817265
817237
817125
817106
817104
817023
816803
816727
816673
816633
816563
816500
816462
816384
816282
816006
816005
816000
815785
815774
815668
815650
815551
815425
815319
815308
815028
814990
814912
814666
814592
814460
814293
814293
814020
813940
813785
813738
813370
813348
813323
813305
813281
813164
813153
812937
812646
812392
812350
812268
812163
811982
811905
811721
811653
811539
811469
811401
811276
811249
811143
811111
811017
810912
810785
810776
810649
810557
810417
810387
810215
810182
810063
810007
809870
809668
809662
809635
809544
809361
809330
809249
809169
809087
808992
808920
808910
808894
808700
808377
808369
808122
807944
807620
807612
807612
807585
807500
807381
807376
807375
807334
807310
807306
807166
807065
806948
806909
806765
806461
806443
806288
806163
806089
806051
805735
805735
805474
805283
805168
804884
804848
804845
804690
804314
804297
804181
804003
803984
803874
803867
803709
803562
803490
803465
803341
803326
803125
803114
802949
802690
802422
802354
802332
802316
802180
802155
802134
801944
801791
801779
801762
801755
801745
801722
801582
801550
801438
801253
801084
801072
801059
801037
800926
800844
800716
800645
800543
800376
800348
800131
799912
799777
799716
799574
799533
799268
799178
798766
798676
798430
798361
798347
798118
798100
797895
797817
797779
796875
796704
796396
796216
796201
796058
796001
795984
795921
795769
795767
795591
795268
795161
795099
795024
794907
794723
794680
794548
794425
794372
794082
794042
793675
793645
793629
793598
793475
793394
793375
793257
793220
793205
793183
793152
793011
792942
792718
792713
792685
792477
792265
792264
792255
792247
791976
791939
791848
791831
791778
791604
791454
791410
791323
791302
791225
791081
791058
790972
790840
790816
790761
790741
790650
790648
790477
790469
790420
790204
790198
790112
789944
789935
789730
789491
789428
789412
789008
788978
788969
788899
788841
788781
788772
788643
788573
788435
788254
788246
788206
788178
788119
787985
787952
787947
787914
787903
787864
787807
787785
787679
787666
787612
787441
787287
787233
787180
787098
787037
786994
786848
786836
786817
786669
786621
786488
786412
786094
785931
785893
785613
785461
785344
785259
785146
785029
784944
784924
784602
784563
784555
784435
784398
784365
784295
784213
784187
784081
784064
784003
783890
783662
783653
783618
783585
783455
783223
783215
783197
783193
783190
783171
783107
783088
782781
782495
782424
782218
782101
782037
781899
781822
781708
781380
781350
781333
781167
780985
780891
780873
780862
780783
780736
780714
780696
780441
780439
780413
780401
780181
780115
780109
779818
779552
779444
779299
779270
779130
778987
778976
778921
778640
778621
778546
778374
778319
778228
778026
778024
777719
777542
777528
777214
777058
776959
776909
776807
776691
776604
776547
775919
775889
775824
775761
775666
775596
775296
775232
775210
775152
774939
774889
774800
774751
774533
774487
774454
774439
774437
774353
774328
774063
774050
774049
773974
773957
773912
773809
773770
773739
773650
773574
773571
773568
773513
773496
773394
773214
773119
773105
773084
772973
772899
772682
772662
772656
772469
772450
772375
772314
772284
772223
772084
772068
772048
771947
771918
771849
771809
771807
771643
771638
771631
771430
771092
771060
771053
770917
770900
770897
770735
770599
770487
770469
770439
770435
770320
770148
769946
769933
769881
769880
769838
769714
769685
769536
769475
769423
769274
769193
769159
768923
768737
768580
768477
768382
768327
768250
768224
768195
768130
768021
767922
767825
767374
767286
767153
767100
766988
766681
766584
766567
766494
766489
766403
766352
766308
766276
765942
765826
765671
765628
765428
765351
765223
765209
765208
765106
765090
765087
765081
764911
764906
764651
764495
764427
764376
764232
764188
764145
763868
763788
763352
763105
762909
762813
762790
762761
762667
762413
762319
762034
762008
761956
761945
761903
761675
761600
761561
761503
761389
761367
761349
761194
761152
761092
760761
760482
760361
760163
760157
760104
759845
759688
759627
759613
759462
759420
758674
758618
758577
758495
758411
758407
758243
758047
757945
757894
757809
757709
757701
757545
757237
756821
756782
756712
756645
756571
756121
755707
755600
755512
755351
754969
754736
754652
754523
754496
754450
754426
754343
754219
754185
754134
753902
753893
753659
753477
753465
753320
753164
753014
752954
752949
752949
752845
752748
752537
752380
752363
752155
752038
751997
751699
751486
751482
751347
751346
751277
751243
751133
751119
751076
751066
751065
750977
750956
750775
750720
750676
750594
750590
750527
750291
750205
750125
749808
749592
749540
749531
749329
749152
749103
748746
748728
748569
748498
748419
748411
748311
748124
748028
747937
747852
747643
747565
747498
747394
747131
747001
746392
746374
746130
746006
746002
745995
745811
745745
745725
745688
745477
745370
745369
745283
745200
744982
744651
744560
744449
744383
744289
744074
743785
743601
743527
743359
743265
743168
743024
742977
742950
742936
742691
742510
742415
742332
742307
742290
742287
742240
742129
742119
742057
741956
741943
741872
741681
741673
741643
741614
741329
741324
741291
741172
741013
740923
740762
740755
740620
740385
740326
740131
740042
740000
739907
739688
739641
739618
739564
739471
739220
739168
738851
738695
738626
738606
738505
738349
738332
738239
738216
738102
738075
737886
737858
737706
737640
737618
737563
737413
737371
737265
737111
736998
736810
736802
736563
736387
736295
736273
736262
736176
735781
735726
735694
735641
735268
735138
735060
734849
734735
734584
734336
734228
734084
734084
733963
733843
733721
733533
733519
733493
733435
733254
733245
733171
733161
733030
732929
732926
732840
732821
732788
732661
732618
732577
732552
732502
732416
732397
732237
732214
732189
731953
731894
731664
731599
731518
731501
731177
730929
730874
730853
730783
730755
730654
730623
730517
730455
730302
730023
729913
729855
729808
729695
729610
729553
729539
729510
729147
728839
728667
728590
728570
728534
728339
728283
728246
728213
728092
728020
727892
727802
727732
727620
727564
727357
727278
727273
727232
727127
726899
726896
726754
726700
726568
726514
726409
726361
726332
726259
726144
725941
725769
725740
725714
725643
725502
725418
725266
725097
725053
725047
725039
724909
724881
724856
724840
724724
724675
724659
724538
724462
724429
724396
724301
724272
724029
723880
723813
723769
723579
723499
723420
723038
722928
722732
722671
722599
722595
722531
722527
722499
722322
722256
722206
721926
721907
721806
721721
721713
721650
721639
721513
721447
721350
721272
721147
721049
721043
721039
720990
720985
720860
720740
720426
720417
720266
720050
720028
719942
719911
719812
719698
719617
719573
719563
719481
719461
719084
718970
718928
718884
718749
718738
718684
718641
718623
718511
718467
718452
718448
718275
718251
718165
718058
717586
717507
717143
716690
716505
716326
716068
715942
715815
715773
715709
715701
715693
715664
715566
715361
715261
714999
714949
714911
714870
714829
714809
714721
714615
714473
714329
714104
714037
713768
713718
713697
713570
713487
713419
713256
713202
713155
713117
713020
712786
712657
712647
712353
712333
712308
712251
712150
712003
711998
711937
711879
711863
711833
711709
711702
711526
711482
711478
711474
711420
711405
711273
711202
711152
711105
711081
711027
710912
710730
710671
710596
710554
710415
710357
710189
710169
710034
709617
709507
709437
709202
708855
708818
708569
708523
708503
708458
708437
708394
708366
708139
708106
707626
706977
706878
706794
706773
706759
706606
706516
706393
706281
706164
706158
706089
706071
705997
705830
705818
705754
705722
705693
705534
705443
705383
705356
705180
705152
704831
704811
704808
704741
704344
704322
704309
704303
704222
704219
704158
704077
704065
703942
703896
703815
703520
703478
703468
703467
703434
703261
703040
703034
702835
702687
702605
702530
702462
702414
702016
701877
701823
701626
701504
701502
701494
701409
701395
701274
701177
701137
701054
701052
701025
701001
700943
700781
700423
700234
699801
699774
699752
699507
699370
699359
699108
698943
698888
698745
698734
698718
698642
698535
698401
698228
698004
697848
697766
697735
697504
697434
697389
697284
697055
696957
696795
696721
696629
696384
696230
696099
696067
696054
696009
695961
695926
695891
695871
695807
695742
695724
695714
695704
695697
695289
695180
695059
695015
694894
694749
694733
694652
694427
694248
694219
693847
693787
693456
693366
693286
693212
692943
692940
692817
692621
692609
692573
692507
692292
692174
692173
692011
691953
691851
691849
691672
691649
691644
691623
691393
691343
691306
690921
690914
690861
690814
690755
690732
690717
690650
690611
690567
690456
690413
690296
690292
690129
689875
689872
689863
689845
689526
689398
689337
689151
689087
688856
688781
688745
688591
688571
688466
688242
688033
687996
687955
687945
687846
687776
687749
687635
687627
687530
687516
687450
687325
687317
687207
687143
687141
687045
687020
686950
686840
686828
686811
686720
686680
686661
686613
686599
686472
686442
686380
686370
686187
686031
685994
685914
685871
685769
685278
685160
685147
685146
685121
685043
684905
684767
684721
684468
684417
684292
684178
684072
684063
684062
684018
683877
683753
683726
683668
683532
683465
683461
683425
683164
683116
682993
682962
682867
682819
682527
682521
682502
682484
682394
682326
682306
682229
682208
682080
681803
681775
681725
681308
681036
680934
680897
680859
680685
680649
680577
680490
680455
680422
680352
680285
680262
680256
680198
680140
680127
680042
680026
679974
679900
679858
679583
679502
679338
679166
678936
678928
678892
678836
678821
678756
678745
678654
678608
678598
678559
678367
678206
677954
677942
677885
677783
677770
677765
677526
677500
677446
677382
677378
677361
677221
677146
677057
677035
676926
676874
676765
676710
676706
676676
676674
676646
676512
676341
676140
676068
675872
675781
675769
675568
675510
675441
675400
675391
675340
675320
675213
675156
675132
675044
674968
674874
674681
674608
674457
674434
674080
673805
673343
673338
673298
673154
673122
672774
672767
672643
672619
672546
672544
672424
672094
672071
671955
671919
671358
671295
671228
671185
671155
671058
671015
670828
670749
670714
670421
670414
670339
670321
670286
670179
670176
670015
669931
669916
669801
669741
669564
669467
669338
669324
669261
669251
669127
669100
668920
668830
668673
668466
668433
668401
668316
668264
668152
668149
668012
668001
667883
667816
667761
667752
667284
667213
666990
666874
666814
666797
666689
666681
666677
666456
666429
666400
665933
665915
665893
665856
665789
665676
665626
665456
665411
665366
665358
665208
665126
664894
664751
664646
664578
664393
664002
663996
663872
663812
663756
663603
663567
663516
663496
663465
663329
663281
663127
663092
662757
662708
662688
662598
662304
662288
662152
662098
662052
661985
661819
661371
661304
661230
661088
660920
660862
660678
660598
660515
660359
660235
660154
659793
659637
659550
659418
659394
659391
659257
659256
659242
659198
659020
658769
658749
658603
658448
658431
658348
658331
658319
658146
657955
657902
657677
657671
657409
657377
657277
657157
657151
657142
657142
657115
657084
657055
657044
656942
656864
656785
656726
656162
655801
655707
655689
655544
655405
655378
655250
655196
655124
655036
655020
654947
654841
654717
654686
654667
654611
654492
654195
654170
653731
653607
653473
653328
653244
653053
653035
652968
652808
652708
652623
652606
652586
652443
652398
652372
652303
652123
652101
652007
651814
651615
651609
651455
651417
651405
651395
651310
651154
651149
651137
651034
651019
650774
650741
650694
650653
650608
650583
650571
650442
650366
650282
650166
650049
650041
649888
649740
649650
649581
649549
649369
648972
648965
648789
648703
648638
648520
648500
648482
648466
648393
648310
648115
647943
647919
647818
647664
647498
647349
647249
647204
647182
647123
646859
646780
646764
646719
646719
646687
646598
646535
646462
646396
646355
646214
646068
645874
645821
645774
645640
645573
645508
645359
645254
645252
645220
645212
645063
645003
644914
644894
644870
644827
644684
644648
644554
644244
644181
644175
644159
644025
643953
643637
643591
643518
643502
643496
643270
643236
643109
643104
643098
642566
642544
642530
642516
642492
642465
642464
642303
642266
642199
642141
642111
642028
641979
641966
641940
641917
641796
641706
641647
641561
641471
641066
640979
640772
640771
640757
640627
640599
640589
640573
640528
640505
640298
640198
640174
640127
639920
639854
639407
639398
639306
639229
639192
639114
639036
638949
638857
638816
638800
638795
638762
638580
638477
638218
638191
638023
638012
637507
637384
637379
637081
636873
636815
636716
636610
636449
636396
636363
636341
636327
636120
636097
636092
635820
635804
635786
635754
635683
635664
635620
635586
635542
635453
635428
635418
635401
635282
635275
635243
635231
635196
634992
634927
634909
634861
634821
634738
634646
634571
634446
634208
633789
633603
633405
633379
633289
633079
633044
633027
633025
632979
632956
632838
632816
632720
632439
632298
632233
632024
631903
631695
631669
631649
631590
631537
631528
631306
631052
630887
630480
630443
630393
630189
630183
630171
630159
629819
629780
629749
629677
629644
629630
629611
629311
629274
629192
629032
629029
629009
628999
628828
628815
628809
628750
628578
628578
628541
628505
628411
628367
628344
628254
628081
628065
627965
627911
627601
627373
627217
627192
626959
626929
626927
626892
626874
626867
626788
626762
626749
626518
626392
626346
626261
626193
626057
626031
625928
625584
625553
625527
625498
625460
625382
625260
624993
624976
624700
624698
624509
624447
624317
624047
623794
623628
623525
623509
623501
623423
623211
623157
623006
622830
622757
622651
622638
622210
621947
621906
621817
621773
621714
621565
621474
621440
621333
621052
620934
620886
620863
620651
620586
620482
620440
620133
620119
619998
619897
619887
619776
619747
619731
619624
619420
619244
619171
619170
619025
619013
618995
618960
618949
618929
618780
618772
618544
618508
618340
618333
618209
618117
617981
617810
617669
617651
617620
617589
617542
617487
617066
616984
616875
616785
616665
616547
616500
616455
616444
616352
616017
615965
615892
615735
615680
615677
615669
615619
615584
615472
615447
615436
615152
615124
615079
614934
614894
614643
614640
614640
614561
614518
614416
614408
614341
614329
614002
613984
613977
613808
613706
613695
613654
613373
613335
613321
613315
613314
613293
613207
613174
613006
613005
612945
612861
612510
612306
612301
612113
612047
611925
611669
611628
611601
611482
611380
611340
611303
611077
611060
611040
611033
610965
610954
610684
610591
610534
610426
610415
610412
610340
610246
610178
609885
609866
609821
609790
609642
609583
609530
609269
609167
608875
608837
608786
608670
608244
608143
608082
608038
607856
607805
607718
607679
607651
607643
607539
607387
607373
607364
607335
607254
607203
607003
606971
606966
606944
606919
606913
606725
606440
606395
606316
606264
606241
606230
606215
606172
606073
605963
605659
605541
605442
605393
605257
605139
605081
604944
604615
604564
604545
604508
604492
604416
604412
604119
604093
603954
603892
603684
603646
603319
603293
603141
603104
603076
603059
602940
602911
602678
602628
602531
602486
602416
602353
602275
602204
602194
602111
601968
601826
601716
601612
601491
601312
601172
601132
600948
600823
600640
600535
600300
600173
600084
599810
599769
599641
599464
599372
599364
599363
599359
599340
599199
599065
599045
599001
598956
598877
598877
598768
598726
598692
598667
598634
598608
598606
598425
598355
598194
598166
598028
597972
597968
597840
597696
597539
597534
597480
597479
597371
597327
597308
597191
597186
597110
597069
597026
596959
596795
596700
596656
596519
596414
596351
595920
595692
595514
595260
595219
595038
594960
594879
594854
594656
594609
594607
594364
594357
594332
594275
594110
593970
593656
593432
593325
593224
593022
592976
592891
592860
592824
592510
592293
592247
592120
592101
591975
591491
591402
591373
591319
591318
591293
591252
591088
591073
590872
590793
590787
590661
590656
590546
590378
590370
589909
589800
589752
589667
589666
589636
589617
589507
589309
589150
589119
588956
588945
588880
588832
588706
588584
588469
588358
588342
588159
588109
588009
588009
587987
587759
587612
587466
587385
587231
586918
586863
586854
586797
586787
586777
586608
586128
585764
585762
585734
585565
585238
585232
584832
584637
584623
584405
584384
584287
583830
583742
583717
583656
583534
583479
583420
583378
583334
583334
583243
583230
583199
583113
582874
582848
582793
582752
582739
582737
582672
582658
582613
582483
582458
582448
582430
582410
582024
581785
581782
581694
581694
581633
581502
581488
581415
581375
581338
581205
581130
581115
581107
580791
580662
580657
580651
580245
580223
579992
579974
579790
579672
579618
579309
579286
578965
578949
578900
578804
578763
578734
578705
578618
578477
578299
578190
578188
578140
577998
577901
577867
577832
577704
577588
577583
577528
577500
577403
577333
577233
577220
577141
576937
576893
576783
576735
576710
576614
576530
576302
576276
576155
576128
575937
575895
575752
575678
575526
575402
575118
575047
575041
574910
574862
574683
574682
574596
574458
574334
574275
574268
573980
573951
573934
573920
573755
573690
573552
573542
573320
573219
573206
573086
572992
572973
572932
572918
572688
572595
572549
572232
572031
572022
571818
571734
571507
571218
571061
570961
570960
570835
570676
570673
570547
570538
570522
570503
570443
570353
570128
570082
570059
570020
569855
569777
569708
569698
569604
569502
569501
569497
569475
569157
569074
569016
568895
568807
568792
568722
568684
568550
568502
568453
568198
568116
568080
568036
568023
567585
567372
567339
567209
567124
567016
566970
566948
566899
566852
566746
566595
566520
566425
566341
566167
565923
565919
565867
565629
565562
565532
565503
565495
565404
565342
565129
564893
564857
564747
564599
564456
564377
564322
564288
564221
564014
563913
563833
563688
563391
563147
563031
562923
562806
562551
562336
562323
562239
562220
562042
561978
561964
561921
561799
561748
561579
561556
561462
561457
561400
561160
560887
560882
560880
560792
560721
560665
560491
560444
560407
560335
560286
560266
560081
559865
559835
559822
559803
559641
559629
559620
559418
559369
558851
558796
558763
558759
558732
557977
557892
557564
557462
557440
557393
557389
557205
556939
556926
556887
556745
556691
556675
556515
556474
556052
556020
555967
555614
555606
555454
555366
555264
555180
555122
555040
554707
554659
554599
554528
554478
554409
554377
554218
554162
554076
553935
553837
553740
553538
553483
553475
553408
553405
553325
553289
553158
553123
553035
552861
552852
552683
552661
552653
552352
552304
552232
552207
551828
551827
551650
551561
551301
551130
551109
550903
550673
550666
550635
550598
550496
550388
550387
550342
549870
549815
549812
549780
549669
549471
548925
548809
548683
548540
548472
548293
548197
548113
548001
547960
547902
547849
547372
547261
547237
547199
546868
546645
546602
546466
546462
546414
546391
546353
546349
546299
546174
546005
545867
545766
545739
545701
545679
545657
545377
545363
545015
544959
544904
544844
544604
544267
544187
544156
544125
544106
544008
543848
543773
543716
543671
543559
543436
543323
543223
543090
543090
542928
542893
542854
542672
542657
542411
542169
542026
541959
541864
541769
541707
541702
541647
541547
541186
541109
541040
541033
541016
540810
540761
540758
540675
540482
540379
540334
540316
540290
540261
540011
539810
539769
539741
539449
539392
539221
539135
539125
538956
538939
538846
538845
538845
538774
538747
538689
538634
538593
538493
538480
538478
538447
538228
538221
538220
537999
537993
537965
537909
537856
537795
537590
537440
537431
537408
537368
537305
537305
537242
537222
537215
537186
537128
536954
536933
536930
536684
536487
536432
536418
536346
536327
536324
536207
536158
536129
536105
535744
535564
535529
535451
535417
535319
535296
534778
534728
534670
534662
534659
534453
534402
534373
534337
534136
533740
533483
533200
533177
533101
533088
533060
533035
533014
533001
532954
532806
532774
532528
532441
532345
532211
531885
531857
531815
531607
531501
531474
531144
531036
530953
530815
530809
530804
530749
530495
530490
530360
530346
530307
530048
529987
529972
529962
529623
529280
529102
529101
528941
528512
528489
528482
528460
528369
528272
528244
528155
528143
527942
527850
527823
527754
527724
527698
527548
527327
527189
527152
527051
526909
526906
526756
526442
526286
526275
526274
526256
526075
525858
525847
525561
525424
525356
525312
525287
525262
525250
525206
525129
525015
524820
524750
524733
524715
524554
524533
524514
524444
524264
524224
524098
523967
523882
523737
523728
523651
523623
523618
523450
523259
523202
523129
523024
522932
522640
522556
522491
522458
522393
522371
522270
522240
522235
522003
521831
521625
521534
521511
521307
521292
521165
521141
521122
521016
520833
520310
520301
520241
520018
519998
519763
519679
519569
519235
519174
518974
518933
518909
518843
518769
518598
518583
518557
518154
517745
517669
517625
517531
517513
517351
517349
517110
516962
516855
516813
516707
516482
516457
516326
516261
516140
515983
515957
515902
515796
515766
515657
515497
515356
515356
515066
514784
514742
514566
514550
514542
514401
514005
513948
513598
513544
513538
513482
513465
513164
513111
512795
512728
512691
512425
512347
512185
512149
512116
512084
512008
511990
511936
511773
511747
511591
511573
511537
511337
511191
510958
510549
510490
510485
510464
510382
510258
510205
510178
510089
510047
510020
510020
510012
509959
509882
509659
509644
509624
509545
509514
509421
509292
509253
508863
508834
508579
508521
508344
508289
507780
507622
507526
507523
507467
507366
507299
507098
507031
506910
506756
506719
506701
506593
506245
506165
505987
505887
505615
505556
505515
505424
505378
505313
505012
504908
504862
504858
504857
504724
504641
504617
504590
504504
504224
503951
503892
503877
503783
503647
503640
503459
503314
503050
502934
502793
502716
502716
502653
502646
502531
502529
502471
502422
502406
502280
502207
501953
501853
501759
501636
501534
501448
501407
501283
500878
500455
500328
500253
500236
500178
500119
500023
499994
499917
499801
499548
499525
499168
498886
498792
498763
498648
498576
498477
498352
498149
497908
497798
497444
497380
497373
497301
497290
497227
497179
496942
496842
496841
496712
496585
496561
496397
496219
496160
496143
496014
495818
495770
495654
495491
495439
495280
495199
495159
495111
494865
494839
494727
494689
494597
494494
494289
494283
494139
494136
494035
493991
493708
493675
493642
493524
493522
493462
493271
493137
493070
492988
492843
492840
492708
492543
492489
492486
492174
492132
492013
491988
491850
491794
491747
491720
491468
491386
491369
491349
491344
491091
490922
490776
490776
490702
490441
490359
490192
490149
490089
490054
490013
489964
489883
489790
489767
489663
489541
489375
489303
489125
489091
488986
488739
488677
488675
488463
488306
488161
488018
487856
487780
487656
487456
487415
487354
487228
487158
487114
487041
487010
486908
486897
486868
486597
486532
486446
486357
486306
486299
486180
486159
486149
485901
485814
485778
485761
485710
485440
485308
485210
485115
484969
484717
484448
484444
484295
484069
483966
483912
483736
483589
483261
483210
483179
483090
483034
483032
482984
482959
482796
482688
482529
482383
482359
482277
482092
482079
482058
481937
481882
481835
481160
481010
480931
480907
480648
480616
480584
480554
480514
480350
480236
480225
480187
480051
479987
479935
479851
479681
479600
479575
479553
479551
479479
479283
479111
479079
479009
479007
478937
478925
478876
478682
478495
478294
478255
478181
478165
477885
477851
477606
477588
477539
477504
477327
477189
477145
476872
476742
476688
476654
476609
476564
476080
475974
475878
475851
475705
475661
475650
475633
475598
475537
475523
475468
475411
475301
475276
475246
475114
475108
475095
475072
474891
474757
474735
474683
474614
474573
474559
474475
474471
474467
474466
474452
474389
474320
474249
474214
474035
473977
473953
473799
473767
473582
473580
473544
473518
473315
473305
473185
473180
472999
472977
472901
472848
472701
472660
472556
472505
472491
472392
472378
472200
472121
471880
471861
471773
471639
471579
471444
471430
471382
471350
471235
471169
471166
471098
471024
470912
470909
470873
470757
470709
470702
470601
470540
470398
470357
470186
470048
470046
469775
469431
469362
469306
469045
468933
468807
468556
468410
468313
467953
467760
467708
467583
467351
467256
467158
467087
466673
466656
466613
466597
466584
466504
466441
466340
466335
466281
466205
465972
465565
465562
465308
465037
464738
464637
464624
464408
464178
464109
464008
463798
463773
463721
463358
463052
463043
463019
462831
462724
462612
462367
462365
462252
462213
462200
461909
461829
461713
461690
461674
461612
461547
461461
461404
461025
461002
460980
460975
460745
460639
460375
460367
460148
460101
459891
459794
459669
459619
459617
459611
459539
459301
459229
459224
459138
459100
459009
458997
458953
458861
458830
458821
458740
458673
458658
458626
458449
458337
458325
458223
457978
457968
457954
457745
457696
457685
457106
456814
456781
456766
456590
456435
456415
456363
456316
456272
456242
456125
455800
455681
455654
455477
455430
455260
455105
455029
454969
454891
454794
454660
454636
454404
454373
454307
454301
454284
454253
454194
454156
454145
453791
453764
453742
453609
453555
453523
453519
453437
453411
453288
453276
453185
453127
453111
453008
452969
452916
452850
452838
452803
452679
452502
452358
452355
452325
452256
452190
452167
451879
451867
451797
451771
451376
451256
451231
450980
450942
450912
450831
450828
450815
450749
450638
450530
450466
450371
450204
450056
449814
449648
449295
449269
449263
449195
449164
448982
448660
448609
448565
448508
448301
447971
447943
447886
447536
447468
447442
447441
447362
447006
446988
446933
446828
446771
446742
446646
446642
446476
446047
446025
445977
445878
445864
445464
445427
445410
445188
445048
444597
444399
444237
444111
443914
443654
443518
443486
443418
443280
443090
443026
442985
442951
442938
442855
442662
442400
442396
442288
442098
442082
442052
442022
441801
441756
441748
441709
441648
441505
441390
441383
441383
441371
441282
441123
440999
440894
440756
440610
440562
440555
440554
440545
440422
440383
440224
440129
440017
439964
439916
439849
439845
439805
439745
439734
439440
439439
439143
439114
439068
439054
438992
438941
438860
438824
438687
438642
438507
438496
438460
438407
438324
438202
438177
438168
437881
437719
437454
437417
437381
437359
437051
436938
436857
436582
436537
436528
436448
436427
436356
436340
436323
436236
436185
435733
435440
435359
435251
435238
435224
435016
435002
434889
434578
434536
434533
434510
434360
434329
434320
434253
434251
434245
434066
433871
433715
433614
433439
433410
433382
433327
433066
432961
432957
432803
432739
432711
432641
432640
432591
432329
432059
432047
432025
431871
431828
431730
431642
431553
431352
431193
430862
430815
430748
430690
430465
430446
430121
429772
429753
429532
429518
429442
429437
429336
429309
429257
429192
429185
429122
429038
428952
428824
428716
428674
428525
428325
428280
428259
428213
428068
428035
427991
427962
427790
427728
427722
427616
427537
427506
427395
427371
427358
427353
426933
426792
426309
426171
426116
426107
426016
425912
425853
425809
425661
425589
425530
425513
425308
425301
425283
425146
424852
424736
424638
424576
424523
424513
424201
424142
424090
424021
423754
423648
423467
423467
423216
423009
423004
422883
422859
422787
422623
422072
422042
421806
421483
421450
421408
421150
420970
420730
420612
420425
420385
420375
420321
420209
420184
420130
420105
420083
419787
419661
419646
419558
419500
419352
419050
418907
418820
418791
418719
418645
418640
418538
418345
418040
417927
417890
417531
417520
417418
417406
417327
417272
417037
416968
416935
416879
416493
416493
416471
416427
416325
416302
416187
416159
416092
416030
415945
415885
415825
415791
415731
415631
415588
415562
415506
415432
415412
415372
415113
415055
415043
415017
414998
414833
414772
414679
414536
414357
414341
414331
414258
414225
414158
413720
413643
413555
413429
413386
413371
413306
413283
413188
412962
412738
412719
412682
412607
412517
412478
412368
412150
412084
412071
411937
411904
411900
411859
411830
411815
411770
411695
411660
411540
411496
411460
411457
411434
411356
411146
411088
411014
410804
410764
410611
410600
410523
410446
410333
410331
410116
410091
409930
409913
409489
409368
409350
409348
409298
409296
409286
409021
408853
408784
408669
408565
408382
408167
408160
408005
407944
407721
407695
407476
407257
407188
407095
406917
406882
406801
406782
406750
406744
406738
406697
406526
406513
406466
406437
406370
406295
406271
406228
406125
406125
405840
405719
405691
405668
405573
405423
405230
405219
405206
405203
405189
405116
405078
404851
404555
404470
404451
404206
404173
404123
404051
404036
404015
403950
403914
403807
403704
403646
403630
403628
403566
403557
403531
403517
403493
403472
403448
403141
403134
402990
402941
402808
402565
402553
402448
402415
402320
402305
402286
402279
402249
402058
401979
401913
401838
401770
401638
401592
401574
401516
401409
401235
401182
400970
400939
400810
400675
400556
400469
400427
400408
400360
400251
400231
400212
400077
400043
400024
399989
399983
399829
399639
399487
399382
399262
398973
398893
398889
398752
398491
398470
398266
398071
398016
397989
397983
397960
397898
397806
397774
397769
397641
397625
397498
397439
397384
397155
396902
396726
396529
396290
396205
396196
396185
395810
395777
395712
395704
395544
395484
395467
395438
395273
395244
395210
395102
394812
394792
394758
394752
394672
394530
394259
394106
393916
393880
393828
393714
393592
393564
393433
393393
393208
393189
393117
393048
392940
392896
392682
392431
392410
392394
392367
392342
392252
391907
391880
391689
391659
391578
391468
390730
390570
390542
390399
390107
390070
390046
389991
389823
389645
389628
389593
389575
389503
389452
389340
389187
389101
389083
389068
388939
388901
388733
388619
388469
388383
388351
388335
388334
388163
388107
387617
387560
387555
387413
387340
387091
387077
387071
386990
386950
386877
386792
386724
386721
386662
386549
386432
386429
386237
386146
386076
385739
385368
385365
385335
385240
385130
385069
384974
384879
384799
384598
384171
384162
384158
383933
383876
383811
383794
383787
383739
383609
383577
383423
383387
383269
383263
383258
383175
383127
383105
383023
382797
382766
382758
382614
382431
382416
382166
381944
381825
381659
381639
381545
381541
381513
381498
381401
381383
381328
381116
381096
380971
380876
380812
380631
380546
380386
380287
380012
379966
379942
379928
379811
379803
379779
379741
379644
379618
379126
379001
378925
378922
378818
378753
378612
378409
378285
378247
378186
378156
378143
377951
377883
377755
377681
377506
377334
377286
377121
377025
376866
376681
376525
376500
376455
376369
376362
376124
376067
375918
375904
375888
375715
375693
375690
375546
375543
375192
375163
375023
374986
374978
374927
374745
374743
374735
374626
374566
374431
374348
374005
373914
373839
373792
373685
373577
373537
373527
373354
373315
373297
373111
372941
372883
372726
372702
372554
372334
372303
372096
371996
371989
371863
371677
371524
371459
371397
371395
371304
371102
371069
370638
370629
370611
370561
370538
370372
370254
370106
369856
369829
369551
369537
369477
369274
369256
369205
369194
369144
368997
368753
368581
368535
368506
368488
368373
368242
368082
367832
367780
367748
367723
367691
367684
367608
367588
367390
367190
367183
367122
367079
367038
366830
366608
366521
366377
366349
366325
366213
366120
365963
365677
365660
365552
365536
365376
365330
365330
365264
365203
365097
365053
365016
364923
364708
364622
364532
364059
363972
363844
363745
363724
363660
363486
363476
363440
363327
363064
362903
362660
362602
362595
362591
362560
362246
362163
362021
361936
361548
361445
361407
361388
361318
361268
361236
361066
361047
361029
360992
360896
360891
360441
360153
360101
360037
359955
359865
359751
359603
359584
359489
359479
358941
358908
358853
358633
358526
358494
358309
358224
358163
358136
358067
358063
358046
357969
357932
357740
357738
357494
357304
357150
357106
357052
357037
356935
356927
356900
356781
356725
356584
356351
356332
356190
356183
356122
356095
355971
355962
355802
355727
355609
355523
355385
355339
355201
355058
354968
354933
354573
354339
354333
354179
353963
353511
353506
353309
353180
353073
352975
352820
352672
352523
352430
352048
352040
351927
351903
351741
351584
351580
351560
351519
351490
351403
351361
351341
351316
351291
351249
351022
350997
350708
350537
350530
350519
350357
350198
350175
350157
350123
350002
349932
349925
349468
349430
349405
349291
349268
349219
348926
348741
348640
348482
348335
348286
348241
347864
347626
347616
347589
347461
347272
346909
346885
346547
346387
346321
345868
345781
345650
345448
345380
345018
345015
345007
344968
344910
344730
344702
344660
344315
344294
344246
344237
344120
344088
344029
343987
343886
343874
343783
343359
343290
343283
343131
343046
342875
342800
342784
342744
342691
342561
342556
342443
342406
342392
342326
342315
342197
342077
342030
341956
341849
341715
341596
341501
341385
341291
341216
341198
341197
341188
341047
340976
340961
340506
340480
340465
340421
340389
340379
340240
340139
340134
340109
340063
339969
339887
339786
339648
339545
339434
338984
338922
338690
338553
338519
338320
338260
338243
338242
338001
337938
337931
337819
337764
337581
337435
337404
337381
337301
337240
337191
337130
336823
336628
336535
336132
336052
335892
335846
335810
335683
335681
335625
335585
335559
335552
335496
335412
335139
335039
334886
334796
334787
334778
334727
334689
334689
334652
334540
334449
334375
334374
334189
334175
333944
333857
333835
333764
333706
333670
333664
333601
333595
333590
333579
333394
333371
333309
333186
332636
332614
332386
332359
332336
332300
332254
332207
332051
331933
331923
331767
331738
331709
331515
331461
331333
331326
331064
331005
330778
330597
330479
330381
330354
330311
330295
330194
330068
329876
329867
329756
329743
329650
329614
329584
329550
329191
329171
329123
328956
328908
328902
328647
328488
328220
328209
328049
327937
327834
327803
327778
327755
327377
327362
327351
327314
327254
327249
327205
326998
326936
326935
326930
326735
326687
326397
326339
326254
325932
325881
325803
325720
325631
325603
325567
325489
325312
325303
325122
325022
324947
324697
324565
324471
324287
324024
323731
323726
323602
323504
323439
323386
323332
323095
323016
322981
322974
322919
322835
322832
322799
322795
322754
322698
322402
322345
322293
322012
321844
321831
321742
321703
321591
321551
321506
321466
321380
321338
321100
321084
321012
320782
320731
320635
320544
320430
320380
320252
320164
320150
320056
319802
319607
319590
319461
319228
319198
319176
319053
319027
319024
318998
318989
318808
318729
318697
318585
318582
318480
318437
318274
318228
318182
318151
318080
318052
317971
317919
317838
317782
317762
317713
317661
317501
317456
317399
317277
317240
317236
317213
317196
317016
316983
316632
316614
316600
316599
316554
316365
316341
316199
315922
315781
315697
315444
315442
315288
315139
315055
314822
314818
314789
314784
314727
314667
314665
314426
314362
314161
314104
314081
314044
314012
313895
313853
313641
313632
313579
313526
313506
313494
313422
313406
313401
313353
313347
313232
313064
312950
312887
312747
312540
312464
311973
311880
311832
311822
311814
311762
311755
311718
311594
311533
311511
311496
311474
311466
311415
311324
311167
310923
310893
310830
310822
310704
310637
310400
310374
310272
310121
309681
309598
309460
309424
309415
309317
308965
308961
308950
308913
308906
308898
308816
308655
308580
308577
308293
308175
308162
308159
308142
307919
307904
307700
307197
307131
306825
306786
306772
306723
306499
306234
306233
306196
305935
305837
305713
305646
305645
305596
305131
305068
304915
304689
304589
304583
304561
304555
304189
304169
304115
304098
304087
303953
303922
303834
303811
303806
303749
303536
303497
303445
303329
303290
303277
303259
303229
303152
303028
302799
302714
302666
302621
302608
302587
302580
302499
302177
302096
301755
301612
301605
301388
301335
301158
300914
300694
300666
300479
300233
300074
300053
299786
299306
299102
299061
299050
299041
298943
298857
298852
298751
298656
298629
298557
298356
298330
298244
298007
297958
297920
297846
297816
297784
297679
297679
297660
297637
297606
297565
297368
297185
297088
297005
296894
296831
296825
296727
296717
296692
296616
296433
296101
296044
295524
295508
295468
295445
295317
295298
295206
295108
294864
294712
294507
294324
294223
294032
293973
293968
293966
293784
293708
293603
293585
293581
293339
293031
292891
292835
292541
292493
292288
292186
291978
291947
291869
291714
291647
291614
291541
291487
291394
291381
291341
291193
291185
291118
290980
290735
290682
290626
290364
290347
290321
290286
290017
289941
289799
289627
289560
289535
289504
289493
289449
289223
288916
288863
288750
288717
288521
288438
288421
288392
288291
288239
288226
288225
288170
288089
287983
287784
287739
287709
287258
286909
286858
286764
286453
286447
286445
286379
286352
286108
286062
285982
285877
285844
285791
285735
285380
285317
285259
285245
285238
285194
285045
285032
284887
284831
284676
284669
284646
284599
284591
284460
284393
284279
284247
284245
284179
284121
284095
284075
284073
284028
283979
283842
283792
283665
283516
283354
283305
283061
283030
283018
283014
282949
282853
282768
282703
282478
282241
281901
281820
281817
281761
281681
281540
281191
280988
280873
280857
280820
280727
280713
280708
280580
280570
280526
280501
280483
280399
280162
279910
279803
279694
279535
279438
279398
279349
279339
279280
279065
278974
278731
278669
278541
278540
278521
278440
278363
278267
278000
277987
277834
277759
277624
277598
277366
277314
277101
277081
277013
276801
276695
276575
276451
276156
276117
276067
276066
276017
275964
275893
275887
275844
275718
275710
275577
275484
275477
275472
275403
275353
275315
275287
275181
274893
274859
274769
274424
274407
274246
274195
274157
274113
273806
273775
273715
273714
273699
273680
273556
273541
273541
273298
273244
273188
273178
273144
273095
272997
272991
272984
272972
272932
272927
272876
272812
272761
272617
272436
272161
271757
271720
271549
271545
271511
271439
271333
271289
271286
271151
270994
270976
270947
270941
270869
270855
270621
270600
270509
270411
270323
270285
270122
270108
270100
270005
270000
269411
268843
268804
268679
268458
268437
268119
267976
267851
267798
267354
267262
266961
266955
266839
266617
266585
266530
266523
266035
265799
265507
265381
265222
265126
264825
264809
264804
264698
264683
264518
264358
264194
264162
263931
263894
263783
263775
263685
263660
263624
263550
263538
263518
263461
263235
262786
262782
262612
262589
262563
262382
262297
262189
262160
262158
261936
261909
261770
261762
261716
261612
261589
261250
261118
261040
260986
260833
260606
260517
259866
259808
259647
259596
259473
259347
258976
258748
258724
258529
258441
258431
258427
258339
258102
258085
258049
258029
257915
257823
257695
257487
257409
257277
256978
256945
256847
256841
256800
256581
256470
256439
256430
256235
256225
256221
256166
256030
255955
255911
255428
255215
255115
255102
254868
254850
254559
254344
254270
254250
254102
254072
254030
254029
253991
253825
253818
253722
253681
253595
253580
253514
253381
253357
253315
253197
253194
253174
253008
252960
252620
252352
252245
252188
252166
252034
251958
251882
251797
251554
251332
251287
251187
251161
251068
250955
250916
250914
250896
250893
250872
250851
250757
250698
250527
250490
250428
250418
250127
250015
249947
249866
249723
249604
249554
249516
249503
249448
249290
249159
249057
248892
248800
248767
248707
248642
248528
248361
248159
248126
248085
247993
247341
247278
247260
246774
246770
246626
246612
246587
246560
246531
246397
246338
246317
246145
246132
246057
246040
245848
245846
245614
245542
245370
245352
245339
245216
245122
245099
245013
244975
244818
244809
244771
244749
244740
244687
244352
244288
243992
243986
243901
243794
243697
243650
243607
243415
243394
243255
243231
243120
243102
242867
242732
242444
242104
242007
241836
241791
241763
241749
241693
241683
241594
241581
241526
241271
241268
241249
241221
241172
241088
241005
240983
240949
240825
240806
240785
240774
240757
240670
240584
240555
240550
240468
240308
240124
239982
239776
239756
239742
239721
239711
239700
239672
239666
239598
239367
238909
238569
238531
238448
238427
238308
238228
238204
237893
237859
237828
237812
237488
237460
237401
237354
237342
237322
237313
237303
237066
236721
236659
236569
236485
236327
236258
236190
236155
236150
236134
235611
235515
235354
235302
235273
235224
235193
235178
235025
234990
234750
234738
234723
234612
234006
234001
233978
233978
233938
233857
233729
233636
233286
233214
233020
232947
232803
232665
232625
232595
232437
232432
232354
232125
231911
231911
231802
231422
231407
231322
231243
231173
231084
231070
230905
230649
230618
230498
230453
230216
230156
230086
230047
229965
229894
229884
229760
229752
229662
229602
229594
229572
229118
229025
228927
228854
228821
228660
228653
228630
228468
228431
228398
228293
228221
228210
228158
227678
227638
227543
227457
227397
227327
227227
227043
227027
226774
226472
226390
226303
226084
226049
225944
225810
225403
225329
225043
225020
224901
224800
224692
224351
224227
224052
224002
223965
223956
223764
223757
223682
223656
223384
223124
222979
222975
222848
222760
222535
222502
221841
221454
221438
221403
221385
221361
221337
221284
221179
221153
221104
221048
220833
220811
220659
220567
220534
220428
220368
220270
220092
220016
219811
219768
219731
219728
219574
219479
219475
219179
219101
218811
218646
218560
218542
218536
218445
218250
218157
218119
218037
218003
217992
217973
217823
217581
217356
217177
217102
217091
216740
216686
216547
216490
216446
216160
216070
216039
215410
215303
215257
215088
214878
214809
214783
214445
214266
214252
213773
213659
213494
213418
213305
213296
213250
213136
213080
213049
212796
212724
212674
212518
212472
212424
212417
212344
212281
212264
212242
212206
212169
211909
211834
211790
211682
211571
211412
211389
211332
211297
211144
211047
210690
210686
210436
210392
210238
210193
210130
209852
209787
209392
209391
209276
209181
208889
208834
208824
208728
208150
208145
208024
208002
207919
207802
207789
207613
207599
207571
207467
207099
207039
206878
206791
206781
206779
206778
206700
206683
206565
206506
206339
206298
205990
205753
205751
205723
205703
205506
205400
205387
205076
204853
204832
204787
204620
204512
204430
204381
204254
204201
203999
203945
203916
203861
203846
203611
203527
203450
203406
203336
203294
203279
203265
203220
203180
203143
202961
202788
202740
202701
202499
202391
202260
202101
202084
201987
201828
201500
201027
201012
200890
200871
200723
200700
200618
200592
200538
200512
200387
200330
200292
199971
199807
199695
199590
199584
199199
198823
198718
198680
197987
197974
197929
197823
197715
197576
197249
197156
197144
196833
196700
196501
196389
196305
196265
196137
195915
195731
195706
195667
195652
195626
195616
195545
195492
195471
195320
195284
195106
194955
194934
194837
194755
194580
194524
194504
194330
194314
194013
193978
193817
193728
193714
193660
193632
193510
193498
193416
193362
192819
192561
192409
192400
192294
192256
192098
192076
192075
192054
192026
191945
191934
191899
191719
191708
191537
191137
191024
190977
190882
190871
190861
190814
190683
190559
190211
190196
190194
190161
190028
189942
189729
189507
189355
189290
189158
189089
188984
188968
188916
188858
188494
188340
188269
188238
188182
188106
188088
188033
187975
187888
187815
187702
187674
187655
187630
187536
187451
187321
187257
187234
187180
187172
187108
187093
186909
186742
186700
186678
186569
186555
186521
186141
186111
185960
185803
185726
185707
185686
185614
185423
185026
185021
184880
184783
184710
184681
184596
184454
184401
184241
184021
183923
183895
183894
183882
183516
183339
183302
183236
183040
182986
182943
182913
182424
182230
182187
182183
182163
182156
182142
182084
182002
182002
181866
181683
181557
181384
181358
181331
181094
180996
180980
180906
180781
180743
180677
180635
180505
180440
180439
180433
180242
180171
179940
179920
179706
179681
179526
179500
179353
179198
179117
179044
178906
178890
178877
178863
178803
178768
178503
177861
177835
177803
177778
177557
177544
177540
177340
177338
177284
177072
176815
176664
176625
176497
176391
176276
176208
176025
175922
175906
175773
175767
175735
175689
175671
175607
175538
175465
175403
175304
175277
175250
174979
174945
174935
174870
174839
174801
174660
174639
174611
174398
174191
174157
174138
174130
173949
173861
173747
173614
173234
173141
173126
172968
172804
172803
172729
172721
172644
172440
172315
172265
171984
171863
171539
171408
171284
171180
171107
170974
170882
170816
170787
170668
170401
170228
170177
170081
169926
169913
169910
169884
169841
169807
169755
169697
169657
169566
169523
169523
169391
169303
169290
169129
169113
169090
169054
169043
169030
169025
168908
168901
168838
168732
168588
168389
168360
168290
168210
168110
168053
167917
167808
167645
167641
167600
167516
167514
167407
166695
166569
166509
166446
166141
166025
165968
165952
165946
165894
165865
165763
165648
165580
165447
165386
165274
165271
165165
165067
164960
164641
164614
164597
164404
164386
164150
164009
164002
163862
163825
163751
163736
163664
163636
163516
163510
162743
162395
162360
162261
161764
161672
161646
161623
161524
161410
161291
161247
161086
161084
160943
160835
160726
160715
160537
160424
160411
160382
160316
160264
160111
160047
160015
160013
159913
159637
159635
159286
159262
159224
159182
159032
159001
158617
158572
158558
158527
158416
158409
158288
158274
158273
158064
158037
157958
157549
157449
157394
157390
157374
157096
157071
157050
156920
156707
156691
156659
156585
156235
156228
155706
155479
155464
155437
155389
155365
155364
155052
155010
154944
154938
154913
154912
154786
154783
154702
154542
154366
154243
154138
154125
153969
153941
153910
153824
153761
153724
153668
153655
153586
153484
153288
153181
153159
153131
153079
152931
152847
152452
152168
152148
152080
151975
151859
151768
151763
151718
151635
151552
151158
151132
151020
150977
150900
150524
150398
150173
150145
150088
150044
149911
149884
149836
149670
149664
149652
149624
149437
149244
149179
149125
149113
148810
148719
148585
148383
148346
148299
148208
148191
148184
148046
148045
147670
147637
147394
147345
147295
147254
147213
147069
146887
146582
146382
146268
146120
146019
145985
145846
145732
145664
145652
145510
145427
145387
145194
145130
145048
145034
144923
144755
144518
144240
144111
144021
143854
143852
143634
143610
143505
143503
143357
143306
143298
143260
143258
143211
143129
143079
143047
143023
142975
142970
142888
142884
142778
142775
142646
142574
142471
142366
142360
142154
142065
141668
141645
141588
141508
141494
141423
141314
141299
141006
141000
140498
140435
140348
140327
140248
140236
140045
139863
139860
139846
139768
139747
139691
139332
139269
139229
138949
138713
138690
138683
138573
138559
138430
138279
138260
138181
138089
138064
137848
137818
137722
137685
137486
137398
137391
137388
137324
137182
137017
136983
136888
136852
136781
136661
136604
136490
136337
136228
135984
135889
135777
135603
135532
135205
135148
135100
135061
135045
134707
134694
134491
134441
134235
134059
133933
133926
133821
133572
133374
133313
133296
133279
133203
133047
133021
133017
132944
132897
132687
132602
132581
132518
132476
132408
132314
132066
131951
131802
131737
131714
131704
131647
131418
131277
131275
131196
130874
130657
130648
130371
130299
130273
130259
130042
129900
129717
129697
129635
129558
129518
129385
129285
129268
129233
129134
129035
129002
128975
128949
128948
128929
128843
128728
128691
128681
128578
128559
128126
128096
127924
127779
127714
127712
127522
127514
127455
127376
127349
127285
127220
127084
126982
126787
126660
126629
126596
126263
126251
126242
126235
126154
126036
125963
125911
125885
125858
125355
125333
125321
125265
125141
125125
125069
125004
124917
124822
124720
124586
124350
124210
124185
124111
124071
124009
123970
123931
123873
123787
123733
123704
123695
123662
123655
123368
123233
123182
123140
123123
123076
122802
122663
122443
122422
122371
122284
122276
122272
122268
122166
122071
122070
122070
122062
122043
122015
122003
121936
121828
121816
121746
121617
121536
121518
121514
121501
121488
121333
121126
121014
120966
120751
120652
120302
120269
120051
120035
120006
119967
119721
119631
119256
119254
119250
119239
119203
119122
119041
118875
118663
118309
118209
118206
118176
118161
118023
117985
117807
117720
117578
117397
117339
117324
117266
117122
116907
116843
116676
116660
116631
116521
116207
115948
115924
115907
115624
115622
115558
115546
115322
115296
115215
115190
115161
114981
114818
114768
114573
114498
114417
114260
114251
113996
113880
113735
113682
113411
113157
113086
113029
112866
112849
112823
112808
112743
112727
112634
112328
112283
112190
112003
111877
111857
111560
111472
111441
111290
111195
111067
111053
110796
110752
110681
110667
110569
110539
110511
110414
110335
110199
110181
110140
110004
109843
109775
109628
109604
109585
109419
108650
108500
108459
108361
108002
107965
107741
107337
106967
106864
106846
106526
106512
106437
106156
106130
106126
106011
106003
105966
105950
105900
105797
105667
105565
105565
105532
105342
105293
105286
105282
105183
105129
104985
104746
104706
104599
104481
104119
104031
103872
103830
103682
103519
103376
103330
103256
103186
103002
102654
102525
102469
102449
102307
102133
102120
101836
101793
101782
101625
101607
101561
101500
101360
101332
101293
101245
101083
101037
101014
100996
100854
100729
100693
100677
100543
100541
100494
100448
100401
100284
100245
100171
100117
100100
100083
100057
99905
99886
99857
99794
99773
99762
99676
99609
99505
99467
99304
99120
98937
98844
98772
98768
98672
98591
98548
98508
98457
98364
98301
98290
98279
98003
97985
97412
97357
97270
97260
97159
96892
96861
96805
96494
95829
95822
95603
95563
95457
95370
95355
95228
95080
95035
94550
94340
94331
94167
94005
93886
93853
93767
93697
93624
93616
93485
93384
93383
93238
93180
93118
93036
92907
92876
92720
92689
92677
92632
92591
92525
92481
92415
92042
91985
91905
91897
91870
91830
91668
91599
91484
91473
91467
91417
91178
91101
91060
90962
90957
90909
90856
90810
90763
90642
90628
90608
90124
89892
89787
89719
89712
89559
89468
89448
89346
89252
88800
88725
88703
88614
88516
88343
88079
88038
87917
87754
87750
87507
87304
87199
87195
87087
87050
86925
86925
86921
86724
86568
86545
86472
86256
85946
85934
85829
85739
85700
85616
85607
85192
85164
85121
84838
84740
84736
84700
84303
84241
84197
84166
84143
84050
83919
83888
83722
83605
83457
83329
83214
83174
83108
82996
82950
82892
82865
82774
82752
82637
82632
82371
82339
82333
82236
82225
82202
81927
81795
81787
81761
81690
81641
81522
81433
81145
81072
81068
81062
80502
80436
80351
80158
80059
79941
79846
79731
79555
79502
79490
79267
79222
79068
79061
79017
78902
78880
78718
78712
78702
78411
78344
78276
78069
78037
77963
77944
77690
77536
77399
77305
77089
77061
76974
76843
76802
76759
76726
76716
76560
76560
76546
76474
76423
76342
76276
76192
76065
76064
75821
75650
75648
75641
75627
75575
75394
75140
75116
74906
74751
74402
74380
74347
74347
74183
74073
74057
74004
73843
73839
73829
73809
73665
73649
73394
73393
73273
73268
73177
72967
72905
72611
72386
72223
71969
71939
71887
71745
71683
71662
71632
71630
71622
71530
71228
71197
71174
71144
71053
70963
70819
70670
70659
70619
70400
70358
70254
70150
70021
69992
69989
69889
69883
69823
69821
69618
69456
69419
69187
69160
69045
68771
68742
68740
68692
68640
68504
68495
68445
68401
68065
68001
67956
67861
67803
67771
67764
67432
67184
66670
66648
66584
66573
66456
66368
66350
66205
66059
65992
65770
65675
65666
65460
65432
65311
65224
65201
65139
65103
65036
64945
64903
64704
64642
64639
64510
64356
64088
63944
63890
63787
63767
63682
63457
63217
63097
63017
62974
62929
62871
62847
62779
62640
62546
62542
62447
62348
62075
62003
61877
61727
61604
61571
61392
61388
61182
61043
61031
60825
60780
60696
60541
60368
60358
60354
60257
60225
60222
60088
60040
59867
59720
59651
59642
59297
59174
59148
58786
58778
58741
58524
58428
58426
58197
58185
58171
58162
58160
58105
57905
57899
57744
57591
57277
57230
57140
57052
57048
56734
56634
56632
56608
56559
56530
56491
56307
56026
56006
55520
55436
55431
55074
54782
54692
54632
54509
54419
54293
54250
54176
54071
54070
54027
54024
53955
53890
53792
53498
52967
52940
52842
52715
52665
52655
52477
52473
52353
52334
51940
51783
51651
51514
51506
51422
50943
50855
50854
50781
50623
50553
50432
50366
50343
50184
50057
49961
49930
49703
49412
49389
49302
49268
49156
49127
49101
49096
48879
48743
48732
48628
48598
48518
48377
48350
48337
48286
48169
48046
47735
47723
47652
47438
47373
47336
47192
47192
47110
46889
46791
46523
46333
46322
46157
46048
45978
45924
45781
45772
45521
45366
45293
45040
44965
44881
44877
44819
44795
44733
44502
44392
44325
44191
43996
43970
43839
43750
43716
43682
43633
43593
43556
43335
43324
43320
43174
43137
43126
43028
43006
42997
42878
42739
42706
42632
42628
42591
42314
42099
42070
42058
41898
41765
41733
41543
41482
41203
41098
40967
40933
40814
40667
40512
40481
40450
40449
40440
40303
40098
39883
39853
39709
39497
39478
39412
39317
39303
39217
39211
39154
39061
38980
38935
38921
38715
38643
38626
38378
38366
38039
37995
37938
37679
37584
37397
37275
37248
37231
37152
37135
36982
36901
36882
36801
36683
36220
36171
35893
35760
35517
35392
35231
35202
35154
34944
34852
34821
34802
34784
34777
34719
34626
34600
34535
34339
34318
34062
33957
33770
33720
33714
33622
33584
33400
33389
33350
33348
33320
33275
32995
32875
32711
32672
32638
32590
32412
32199
31756
31178
31174
31154
31126
31125
31082
31047
30971
30943
30793
30792
30748
30630
30600
30552
30403
30393
30360
30159
30143
30071
30013
29843
29836
29722
29710
29683
29575
29573
29514
29445
29331
29326
29209
28985
28712
28622
28604
28598
28466
28096
28011
27796
27693
27258
27066
26883
26787
26734
26675
26586
26540
26511
26338
26238
26165
26105
26074
26034
25938
25792
25654
25348
25235
24815
24793
24608
24536
24461
24384
24320
23908
23683
23640
23513
23361
23278
22996
22860
22812
22780
22694
22686
22667
22651
22274
22036
22035
21984
21722
21701
21540
21511
21508
21505
21439
21255
20838
20797
20556
20554
20510
20253
20240
20186
20072
20015
19906
19876
19777
19745
19709
19690
19433
19198
19183
19177
19067
19016
18924
18906
18803
18773
18718
18627
18491
18417
18389
18373
18366
18314
18292
18054
18043
18038
18032
17973
17945
17865
17753
17543
17536
17410
17244
17123
17050
17048
16982
16906
16857
16604
16437
16373
16352
16243
16095
15833
15803
15725
15683
15440
15304
15226
15008
14870
14537
14523
14523
14499
14494
14446
14394
14374
14187
14155
14124
14094
13922
13914
13818
13561
13508
13206
12943
12757
12723
12619
12478
12439
12278
12205
12150
11781
11769
11757
11745
11740
11616
11615
11186
11123
10929
10888
10826
10800
10775
10706
10659
10585
10430
10282
10100
10076
10064
9919
9792
9772
9519
9466
9387
9379
9225
9193
9184
8892
8815
8727
8725
8691
8627
8463
8332
8326
8156
8118
8098
7891
7852
7808
7426
7417
7356
7191
7152
7032
7021
6978
6847
6746
6742
6728
6642
6429
6286
6134
5974
5806
5801
5720
5685
5644
5592
5549
5538
5316
5262
5249
5245
5214
5164
5119
5057
4819
4818
4810
4799
4681
4245
4222
4165
4015
3891
3755
3530
3445
3146
3130
2950
2708
2644
2608
2024
2016
1896
1895
1864
1863
1842
1707
1669
1625
1416
1376
1286
948
864
792
555
350
211
152
52
31
