992396
984456
975803
972407
955909
943820
938405
937851
927646
923035
914856
909089
906261
882810
831849
815514
807751
806582
794477
762436
759544
754554
751026
747060
739262
739044
716137
708590
698657
695049
687034
673894
670689
666766
657415
652030
645689
634140
632779
623633
616487
615464
614483
603511
597358
585224
580284
565339
555040
545454
520694
490421
472443
468097
459169
455326
447501
446108
441108
436928
433439
428635
416878
399134
391365
380740
369386
357322
355549
352692
338207
335870
327464
317991
315116
313243
278700
252065
249944
232233
231718
213839
204283
200417
197706
170996
167301
159350
154259
131662
109294
87328
77936
71243
65941
61106
37442
35041
5201
3100
