999846
997894
997726
994038
990517
990088
989667
989007
988695
988616
986584
985940
984777
983692
979619
974428
967580
964933
962210
960755
959798
959490
957343
956104
954150
951931
950476
948429
947983
944492
942746
939980
938816
932606
931399
928190
928168
925488
925079
921630
920033
917970
916398
913531
912817
912801
912731
908801
906103
905951
904982
903488
900683
900301
900116
898840
895151
892204
886707
886497
885662
884865
883767
882333
879896
877756
875786
875515
875449
874704
869006
868599
867806
865554
858882
857447
854053
851986
851235
849809
848807
847115
846067
844659
841547
837561
837065
834591
831948
828705
825403
824627
823944
822335
813707
812332
810761
809900
809277
808321
808228
807611
806368
804992
800652
796161
790742
790546
790322
789499
786690
782987
782767
782753
778623
778575
777187
773332
772228
769817
769583
767222
764589
764170
761987
761952
758330
754418
753947
753641
750769
749969
744584
742740
742704
742035
740606
739688
736422
735911
735149
733510
729642
727617
726331
723856
722525
722461
719649
716669
716506
712822
710832
709674
704439
703690
703557
699144
694578
694466
692758
691915
691775
689315
688890
688263
686404
685875
683180
680558
676891
675697
673420
672565
672185
669449
665759
663328
661428
660703
659704
658984
656039
655961
655894
652789
651731
651726
650918
645262
644793
643517
641095
636882
635343
632944
632480
631646
630673
630430
628987
628498
626173
621157
620769
619951
619361
617326
609037
607589
603418
603265
599305
598918
598715
598477
597987
597658
597646
592633
591720
590565
586656
585571
584325
582522
582205
580794
580002
577572
569529
569170
568040
566183
562419
555948
554858
551938
550735
548893
547683
539401
535742
535075
534391
527790
527264
526941
524663
522129
521393
519545
518186
516839
512563
508362
504357
500626
500357
500079
496768
487217
486232
481793
478684
478252
473089
472688
472100
471248
470172
470099
468436
463067
461747
459481
458948
456386
454459
452187
449013
448961
448899
446900
446674
446588
444488
440777
437979
431441
429911
427634
426208
426021
420259
418795
412544
412499
412350
411922
411776
411592
406881
406461
397021
395600
394684
393031
390256
389542
389236
388250
387782
386975
385090
383857
378017
376224
374146
371570
369625
366386
364414
364021
363655
361552
360439
355516
355495
354029
353541
353218
352333
352043
350802
348403
347001
345116
338376
337381
336448
332959
331894
330653
325958
325829
324928
324730
324146
321513
321045
319932
318164
317586
316367
313711
301052
300967
299159
298443
297963
296607
292787
292604
289447
288319
283345
283130
283057
279826
272202
263927
263699
262442
261954
261504
255462
255327
254385
253071
251007
250738
249943
247158
246259
240536
237919
235310
235178
230623
230330
229784
229124
228636
225078
224775
224230
223928
222204
220267
220111
217075
215327
214677
212914
211639
210928
210717
210246
202419
200706
197397
189130
187936
187009
186534
181233
181068
179684
178586
177645
173608
170823
169664
168107
164582
164113
160102
157502
156556
155201
154930
152094
148051
145695
143256
142234
138808
138009
134576
131547
128664
125790
125046
123813
122893
120272
116540
115158
114756
113088
110698
108553
108053
107346
95397
85535
80280
78394
76190
74487
72829
71325
71155
71058
69890
65454
60981
52660
52105
49688
45343
43838
43440
42987
41950
41801
41464
41054
38726
37564
36665
35625
34489
29052
28906
26746
24076
24038
19608
18820
17230
16635
15966
8592
5677
4985
1373
1337
935
