991811
977559
975655
971834
971821
966795
965682
951949
948945
940550
938808
937488
934835
933543
921830
920092
917831
913432
912569
907736
907180
906288
903149
902228
899206
897163
895635
893489
893469
888933
888207
888101
888003
883605
880416
878982
875570
868715
868103
867438
862185
861017
857431
846888
839310
835286
831341
830063
818762
816557
815906
815680
803403
800546
799336
789315
787001
784792
784086
779671
777960
760747
756839
755733
747896
747847
744283
740477
739807
732250
731806
731345
731167
731160
727214
725131
724412
721135
720617
718947
718424
714258
708103
702713
697456
696799
693897
691170
683041
682764
681695
681231
678395
674660
669879
669667
663196
661937
659191
642619
640301
639601
630039
629382
621438
614545
611050
603935
600105
597090
593625
592921
585490
576993
576697
575667
574966
568332
567530
562618
562608
562490
557653
556239
552498
551813
551786
547590
532385
529564
526241
521772
520787
519563
511533
502396
500345
496556
496172
489054
486589
484950
484939
483915
481879
481357
480470
475680
474202
473804
471514
453675
440297
436613
433838
426960
426731
402995
402591
393912
386076
385834
383123
372580
363011
356023
355355
355225
343060
335116
328090
326183
319137
318347
314217
313958
306849
304128
301802
300628
299263
293385
286203
276233
275013
267674
263718
258146
254104
247505
246939
246934
243950
242728
242399
236697
232536
221809
218110
217099
212484
209812
209111
203631
200209
196172
195778
188649
184117
179755
163901
149073
148907
148026
141705
135876
133889
133008
126891
117565
110817
103618
102543
99716
95190
91224
84685
83010
81731
81517
79013
78188
77642
72880
72390
58505
52623
46462
46391
42014
40996
39314
32631
31195
30982
30106
19038
11729
10409
4261
