999961
999100
996492
996226
995644
993884
993453
992493
992132
992083
991701
990108
990014
989647
987643
987106
985478
983667
982637
982155
981667
980644
980359
979447
979115
979084
978005
976531
976124
975724
975425
973943
973906
972241
972161
971990
970740
969590
967406
965698
963657
962653
962024
961905
961019
960898
960390
959488
958833
958772
958039
957588
957158
956617
956015
953484
953120
952594
950090
949293
948778
948315
947978
947648
947349
946805
945962
945826
945174
944266
941052
940962
940593
939892
939822
939476
939171
938763
937326
936682
936250
936180
936148
933680
933571
932852
932049
931532
931126
930968
930806
930496
929601
928971
928747
927108
926716
924718
921910
919663
918934
918817
918534
917411
916171
914922
914683
914326
913870
913634
913105
912717
912492
910293
908074
904335
903708
903612
903403
901978
901733
901666
901250
900941
899910
899382
899276
897659
896620
896568
896105
895572
894527
894324
893951
892444
888383
888221
888194
887661
886517
885512
882586
882004
878919
877863
876042
875077
874261
873055
872482
870962
870243
867114
865184
864931
864312
863283
862598
862313
861788
861311
861184
859403
858643
856439
855330
854275
853723
852828
850418
845669
845623
845074
844040
842926
842000
841711
841706
841658
839628
838926
837775
835939
833243
833136
833132
830250
826731
825783
823115
820987
820829
820579
817920
816805
816017
814648
814528
813006
811212
809846
809560
808174
807544
807317
807199
807102
805425
805342
804222
803932
803560
803282
802300
801234
800551
800077
799607
798697
797200
796811
796601
795052
794664
791669
789443
788480
787419
786927
784792
783770
782402
782021
781671
780104
779565
779325
779321
779065
779046
774610
772674
772639
772038
770771
770370
769518
767822
767476
766410
765612
765482
765049
762440
760940
756177
756056
755914
755093
754214
753179
751365
750933
750252
750172
749905
749830
748918
747706
746684
746136
744681
741748
741344
741187
740453
740227
740209
738436
738046
737932
736806
736778
736720
735973
735387
735302
734360
734211
733930
733812
730264
729461
729256
728792
728522
727361
726444
726068
725998
725581
723922
717354
716470
715567
713611
712537
712215
711670
710964
710625
709389
708342
706831
706169
705653
703978
703869
703075
702844
702429
701577
700909
699479
698601
698497
698086
695969
693305
692822
692307
691475
689165
687676
683296
680582
680338
679340
679084
677477
676962
676206
676119
674190
673409
672572
672286
669525
669400
668171
666974
666813
666766
665142
665140
664967
664339
658899
658013
655951
653642
653264
653178
651901
651657
650131
649564
648284
647524
647411
646715
642934
642490
639971
639531
637163
637105
635833
634858
634487
633612
632118
630527
630436
624147
623732
621927
620746
620150
619847
619378
619300
618429
617690
616194
614595
612583
609895
608710
604895
602510
602121
601881
601005
600749
600683
599032
598796
598641
595919
594790
594548
594455
594446
594401
593981
589628
589012
588280
585005
580617
580612
580385
579875
578182
573316
572692
571549
570976
570970
570733
570407
570185
569788
569072
567045
565298
565194
565057
564961
562708
562144
561737
557449
556979
556448
555551
555543
554467
552294
551802
550465
548549
548323
547499
547085
547017
546563
546146
545268
544815
540555
540467
538716
538225
537240
536964
535964
534870
534413
534330
533870
532672
532232
529724
529703
528804
528655
528654
527416
527352
526888
526203
524981
522904
521150
518849
518164
518145
517924
517169
515381
514809
514372
513627
513132
512950
512611
512269
511323
507872
506767
505122
504629
502712
501562
500686
499001
498165
497935
496224
496039
495300
495096
494675
492492
492114
491121
489862
487994
487598
487517
487262
483614
483291
482678
482098
481028
479989
479135
478363
478102
477851
474632
473072
472493
472126
472017
468952
468055
467198
466534
466492
466058
464383
462446
462390
461754
461694
460544
456144
453810
452731
452584
450963
450955
447576
447329
446961
446641
446500
444275
443417
443382
442114
440824
439515
439006
438898
436017
434635
434066
433282
432701
431858
429560
429411
428562
427135
426637
426156
426095
426023
424248
424157
422672
422178
421678
420851
420027
420017
418942
418215
417146
414706
414137
413531
412155
410132
409143
408885
408596
408198
408103
407559
406792
406325
406266
406006
405545
405241
404828
403386
401908
401212
399147
399146
398784
396764
396594
395014
393145
392947
391610
388704
388647
388187
386921
385936
384945
384138
382116
381314
380692
377122
375099
374545
374514
373667
372107
371858
371618
371511
371384
370138
370008
363810
363069
362419
360247
360241
358680
358416
356680
354810
353071
351860
349948
349529
348398
348186
346940
346288
346287
344101
342286
341114
339835
335288
333347
332416
330915
330720
330703
330441
330349
330032
329605
329383
328531
327302
322259
322148
318365
315372
310887
310813
309506
308173
306468
304908
304773
304430
304104
303104
300682
300564
299561
299358
298149
297335
296905
296157
292064
291545
288933
288832
288497
288476
287521
284825
280374
280179
279600
279071
279064
278143
277998
277939
277466
274968
274680
273664
272862
270624
270575
268511
266953
266876
265581
263475
262814
261372
261111
260579
260210
258621
252965
252198
251314
250313
249785
248445
245614
244456
243021
242532
242097
241031
239722
239028
238404
235751
235488
232793
232656
231681
231455
229787
228948
224560
224478
223989
222946
222035
221417
220906
220442
220306
217234
214991
211342
211149
210470
209908
209067
208990
208258
205729
205572
204919
203537
203456
203248
201878
201511
200200
199448
199288
198043
197796
196536
196102
195360
193918
193176
192928
192216
190839
189665
189495
188766
187903
186526
186129
185720
184169
183183
182144
180553
180508
180209
178652
178645
177200
175224
174829
174091
172830
171571
169475
168701
168110
167585
166774
165244
164715
163758
160506
159567
159371
159281
159212
158065
157264
156829
155829
155554
154324
152665
152376
151888
150727
150284
147824
146254
145740
143896
143892
142125
141844
141143
140028
138894
138262
137782
137638
137412
137308
136981
136541
136516
135952
134771
132438
132263
131226
130613
130406
129964
129621
127328
124223
123248
123133
123047
122664
122378
121813
121632
120111
119327
118382
117800
116692
116646
116400
110815
110706
109852
108485
107267
106014
105583
105412
102513
101872
100933
99212
98523
96150
95246
88858
88273
87944
87688
87421
86848
84447
83552
83538
83331
82288
82206
80003
79594
78754
78157
77811
77429
77115
76602
75966
74891
74087
73861
73692
73231
72482
71854
70564
70294
69646
68438
68165
67845
64618
63497
61335
60367
60006
59643
58054
55936
55735
55339
53697
53193
53187
52208
51881
50458
49701
49340
48963
47579
46623
45902
42928
41856
40605
40430
39544
39290
39103
37807
37015
36501
36222
33861
31642
31371
30017
29309
29155
28937
27112
25819
25557
23979
23225
21857
18179
16672
15593
14736
12999
12815
12766
11057
10158
9847
9734
9016
8828
6358
4476
2698
216
