935
1337
1373
4985
5677
8592
15966
16635
17230
18820
19608
24038
24076
26746
28906
29052
34489
35625
36665
37564
38726
41054
41464
41801
41950
42987
43440
43838
45343
49688
52105
52660
60981
65454
69890
71058
71155
71325
72829
74487
76190
78394
80280
85535
95397
107346
108053
108553
110698
113088
114756
115158
116540
120272
122893
123813
125046
125790
128664
131547
134576
138009
138808
142234
143256
145695
148051
152094
154930
155201
156556
157502
160102
164113
164582
168107
169664
170823
173608
177645
178586
179684
181068
181233
186534
187009
187936
189130
197397
200706
202419
210246
210717
210928
211639
212914
214677
215327
217075
220111
220267
222204
223928
224230
224775
225078
228636
229124
229784
230330
230623
235178
235310
237919
240536
246259
247158
249943
250738
251007
253071
254385
255327
255462
261504
261954
262442
263699
263927
272202
279826
283057
283130
283345
288319
289447
292604
292787
296607
297963
298443
299159
300967
301052
313711
316367
317586
318164
319932
321045
321513
324146
324730
324928
325829
325958
330653
331894
332959
336448
337381
338376
345116
347001
348403
350802
352043
352333
353218
353541
354029
355495
355516
360439
361552
363655
364021
364414
366386
369625
371570
374146
376224
378017
383857
385090
386975
387782
388250
389236
389542
390256
393031
394684
395600
397021
406461
406881
411592
411776
411922
412350
412499
412544
418795
420259
426021
426208
427634
429911
431441
437979
440777
444488
446588
446674
446900
448899
448961
449013
452187
454459
456386
458948
459481
461747
463067
468436
470099
470172
471248
472100
472688
473089
478252
478684
481793
486232
487217
496768
500079
500357
500626
504357
508362
512563
516839
518186
519545
521393
522129
524663
526941
527264
527790
534391
535075
535742
539401
547683
548893
550735
551938
554858
555948
562419
566183
568040
569170
569529
577572
580002
580794
582205
582522
584325
585571
586656
590565
591720
592633
597646
597658
597987
598477
598715
598918
599305
603265
603418
607589
609037
617326
619361
619951
620769
621157
626173
628498
628987
630430
630673
631646
632480
632944
635343
636882
641095
643517
644793
645262
650918
651726
651731
652789
655894
655961
656039
658984
659704
660703
661428
663328
665759
669449
672185
672565
673420
675697
676891
680558
683180
685875
686404
688263
688890
689315
691775
691915
692758
694466
694578
699144
703557
703690
704439
709674
710832
712822
716506
716669
719649
722461
722525
723856
726331
727617
729642
733510
735149
735911
736422
739688
740606
742035
742704
742740
744584
749969
750769
753641
753947
754418
758330
761952
761987
764170
764589
767222
769583
769817
772228
773332
777187
778575
778623
782753
782767
782987
786690
789499
790322
790546
790742
796161
800652
804992
806368
807611
808228
808321
809277
809900
810761
812332
813707
822335
823944
824627
825403
828705
831948
834591
837065
837561
841547
844659
846067
847115
848807
849809
851235
851986
854053
857447
858882
865554
867806
868599
869006
874704
875449
875515
875786
877756
879896
882333
883767
884865
885662
886497
886707
892204
895151
898840
900116
900301
900683
903488
904982
905951
906103
908801
912731
912801
912817
913531
916398
917970
920033
921630
925079
925488
928168
928190
931399
932606
938816
939980
942746
944492
947983
948429
950476
951931
954150
956104
957343
959490
959798
960755
962210
964933
967580
974428
979619
983692
984777
985940
986584
988616
988695
989007
989667
990088
990517
994038
997726
997894
999846
