2327
2623
3834
5346
6739
7230
7591
8194
8929
9165
10028
11637
12576
12700
14157
14172
14612
14722
15204
15243
15414
15428
15749
15827
19182
20702
21628
23281
23420
24411
24696
26814
28532
29032
29137
29446
29778
31093
32319
32554
33335
33458
35136
35156
35418
35423
35771
36041
37663
38708
40253
41088
41538
42046
44420
46376
46679
46699
48148
48833
49487
49584
50582
50985
52463
52504
53181
53573
53927
55484
55494
55520
55535
56250
56701
57653
57997
59076
60003
60518
60924
61826
61989
62159
62845
64293
64388
64683
65112
65929
66583
66929
66967
67324
68360
68604
69279
69801
69834
69859
70296
71055
71799
72044
72411
73934
74303
74791
75286
75446
75485
76704
76985
77133
77856
78086
78833
80452
80474
82706
82912
83086
83219
84199
84522
84728
84880
85325
85983
86253
86742
86937
87588
88117
88402
89479
89567
89754
90492
90912
91371
91791
92051
93205
93324
94441
94498
95582
95849
96389
96467
97800
97905
97977
98165
99596
99990
100248
101842
102410
103164
103974
104510
104625
106768
106995
107061
107297
109182
110087
114658
115386
116103
116690
117208
117319
117373
117668
117790
117895
118067
118492
122058
122709
123126
123558
123997
124120
124519
124606
124762
125735
127385
128237
128456
129415
130686
130904
131100
131197
131483
133416
133807
135054
135155
135793
135999
136126
136269
136893
136959
137003
137352
137766
139258
139667
140036
140346
140504
140901
141805
142302
143778
143942
144177
144540
145474
145832
148026
148229
148597
149656
149872
152870
153805
157304
158974
159058
159298
159300
159647
160081
160513
161032
161599
162095
162388
162393
163792
164022
164103
165195
165423
166574
166785
167072
167569
168118
170483
171350
171738
172272
172290
172517
173012
173474
174697
175677
176093
176187
176680
176849
177349
177687
179174
180261
180423
180826
181947
183073
183706
184627
184828
185426
185954
186521
186522
187197
187541
188551
189414
189421
190801
191315
191835
192412
192492
192859
193191
193220
193264
194722
194748
194798
195526
195910
196118
196291
196308
196379
196630
197823
197921
198206
198409
200523
202284
202415
204600
206534
206670
208100
209754
209868
210986
211155
212073
212447
214116
214423
214785
215928
216219
217981
218177
218406
219328
219818
219903
219983
220238
221269
221507
221602
222265
222855
223123
224901
224947
225386
226698
226992
227384
228860
229787
231931
232183
232879
233071
234055
234654
234775
234832
235527
235659
235956
236910
237236
237564
238144
238706
238842
238912
239110
239292
240184
240372
240710
240743
242336
243324
243593
244023
244946
245721
246118
246669
246693
248832
248850
248904
248914
249040
249188
249253
249859
251059
251865
252340
252574
253231
253263
253290
253632
253898
253989
254242
254713
255658
256448
256686
256867
256901
257640
257977
259085
259239
259427
259506
263490
264853
265456
265464
267234
267389
267908
268113
268957
269654
270196
270738
271190
273644
273680
274058
275256
275789
275868
276142
276541
276938
277032
277198
279237
280061
280219
280254
280413
282060
282350
282761
283030
283630
284900
287029
288299
288858
288929
289189
290450
290525
290721
291209
291567
293355
294178
294632
295367
297371
297839
298277
298775
298842
300110
300120
300194
300880
301307
301796
302031
302086
303121
303414
303864
305318
306448
306574
307032
307214
307279
308156
308563
308881
310263
310525
310656
310853
311320
311769
312285
313030
313194
313903
314734
314780
316392
316408
316911
317131
317169
317878
318079
319101
321428
321972
322481
322663
324694
324820
324857
325095
325952
326429
326651
326696
327165
327711
328135
328195
328446
328477
328602
328624
328753
330254
330777
333534
334480
335733
336331
338013
338158
338205
338918
339900
340772
340857
341199
341635
342775
343075
344365
344469
345222
345329
345543
346168
346607
347950
349418
349785
351542
352468
352959
353272
353337
354351
354967
355341
355562
356436
357173
358379
358496
358776
359411
361119
361266
361288
361588
363857
364314
365690
365801
365915
366822
367638
369006
370714
371078
371352
371657
372029
372142
373698
373761
373823
373983
374909
375711
375818
375842
375882
376293
379631
380052
380973
381973
383770
384396
384812
385002
385508
385516
385789
385938
386323
387203
388593
389283
389529
389945
390447
390534
390852
391252
391544
392174
393634
394334
394548
395013
395399
398478
398482
400725
400863
401641
401774
402642
403722
404886
405610
406195
406571
406928
407183
407300
407668
407969
408038
409513
409700
409726
409942
410057
410130
410438
410669
411028
412480
414227
414495
414840
415334
416026
416693
418608
419803
420099
421271
421905
422366
423629
423922
424750
426958
427212
427213
427843
428635
429121
430074
430390
431817
432270
432747
432845
433083
433905
435259
435939
436429
437527
438231
438667
439103
442210
442978
443132
443386
443652
444485
445233
445255
445680
447237
447496
447872
447904
448039
448488
451189
451901
452170
453150
453638
454524
454944
457261
459370
459663
459716
459865
460858
461167
461385
461537
462281
462423
463452
463689
463719
463841
465194
466034
467442
467687
468984
469008
469701
470646
471102
471289
471608
472532
475267
475290
475830
479824
481018
481331
481519
482979
483270
483556
483738
483817
483821
484451
484697
487902
488673
488969
490412
491382
491688
491841
493731
494260
494555
496110
496311
496818
496861
497087
497235
497914
498596
498718
499269
500138
500141
500240
501489
501689
502213
502803
503385
503784
505896
506187
508710
509377
509555
510158
510566
511552
511739
511780
514011
514483
515311
516351
516611
517645
518356
518659
519941
520225
520997
521240
522662
522698
523402
523610
524334
525643
526763
529506
529755
530349
531347
532081
534008
534951
535702
536148
536198
536850
537777
539740
540650
540798
540935
541178
542254
542477
543473
543885
544007
544436
545685
545805
546000
546409
546516
546914
548754
551040
551073
551594
551854
552789
553717
553860
553902
556773
558224
558602
559562
560530
560638
561142
561870
564233
565306
565736
568485
568738
570260
570885
571217
572900
573452
573498
574316
576166
576636
576791
576842
576910
577766
578107
579023
579365
579937
580838
581273
582421
582783
583749
583870
584301
584304
585723
585919
587282
588305
589302
590931
592253
592429
592702
593061
593495
593623
594949
595164
596099
597002
597141
597335
598050
598829
599531
600367
602315
602581
605089
605324
606368
607180
607816
608008
609411
610697
612050
612213
612233
612300
613419
613423
613740
616200
617400
617578
617628
618001
618053
619074
619129
622113
622439
622550
623431
624738
627578
628760
630633
633392
633505
633646
635774
636023
637059
639435
640664
643903
644207
645599
645969
646705
647070
648188
648191
648378
650141
650577
651851
652269
653920
656639
660124
660649
660753
661964
662045
662819
663154
663396
663739
664090
664955
665135
665273
665937
666876
667876
668872
669372
671001
671366
671378
672190
674053
674871
674904
675065
676132
676443
676890
677120
677254
677485
677490
679206
679906
680233
680662
681095
681280
681459
683878
684015
684596
687134
687846
688046
688574
688767
688914
689665
690434
691659
693166
693204
694617
695225
695718
695789
697873
700605
701606
701737
701941
703238
705987
706149
707318
707336
709302
709466
709787
710699
714455
714641
715543
716002
716919
717278
717445
719438
719640
719910
720111
721757
721963
721983
722044
725027
726162
726381
726964
727010
728004
728419
728576
728679
728717
729685
730222
730974
731761
732113
732270
732411
733004
733363
733770
734149
735121
736137
737205
737511
737533
738353
738535
738969
740076
742251
742279
742443
744790
745314
745562
745889
746180
746343
746424
749556
749802
749810
750105
750383
751723
752585
753085
754133
754898
755928
756831
756854
757386
758453
758713
758744
760197
760361
760568
762086
763202
763232
763442
765499
766484
766538
766740
767033
767591
769163
770341
770851
771551
772075
777437
777660
777819
778043
778656
779863
780561
781010
782269
782629
782837
783064
783414
783477
783772
784183
784710
784991
786198
787119
787168
787692
787767
787969
788207
788308
789478
789565
791011
791481
792222
792937
794702
796120
799564
800117
800627
801659
802564
803027
803672
803974
804600
804863
805000
806440
807008
808188
808396
809392
810076
810092
810804
810936
810937
810944
811246
811260
811374
811912
812114
812607
812724
812776
813826
814388
814890
815911
817387
817438
820588
820839
820988
822871
823104
823670
823804
823828
823834
824051
824053
824222
825663
827183
829655
829680
830474
830890
834031
836646
839565
839569
839690
839864
840299
840743
841226
842444
842936
846028
848186
849608
850075
850493
850781
850890
854611
855190
855446
855686
855929
856139
856352
856705
856895
857698
858152
858421
858427
859593
860032
860140
860578
862135
863570
863893
864010
864647
865479
865636
865706
865947
866500
867026
867665
868282
869596
869650
871159
871706
872045
872166
873068
874384
874890
875217
875734
876005
876273
876660
877309
877781
878608
878933
879102
879257
879833
880904
881269
881273
881304
881463
882151
882371
883017
883230
885139
885650
886615
886843
887358
887925
888665
889396
890102
890112
890239
890510
890746
891481
891818
892509
893204
893347
893633
893719
894021
895317
895384
895555
895655
896934
897628
898768
898881
899540
900574
900713
901240
901675
905136
906916
907786
909082
909556
909885
910280
910375
911081
911581
911695
912186
912921
913196
913299
913816
914343
914497
914931
915040
915694
915960
916671
917623
917827
918665
919665
920210
920408
921525
921896
922470
922626
923448
924644
924688
925117
925171
925761
925929
926840
927589
928236
928381
928749
929608
930566
930986
931170
931381
931590
931737
931835
932087
933097
933427
933751
934769
934944
935030
935630
936783
937406
937471
937600
937734
938717
938894
939204
939573
939643
940833
941661
942727
942782
943906
944077
944951
945524
947539
947751
947860
951393
951782
953740
956123
956475
956617
956793
957172
957461
958389
958694
958994
959203
959205
959589
959832
959906
960601
960679
961692
962795
962911
963100
963452
963759
964054
964631
965640
967693
968138
968171
968775
968843
969177
971679
972141
972746
973437
973868
974274
974635
974820
975565
976051
977490
978262
979016
979708
979910
980162
981671
982651
983255
983331
983637
984773
985141
985310
985647
985776
986197
986922
989341
990420
990634
990795
991170
991856
992123
993078
993794
993833
994202
994367
995107
995454
996007
996645
997134
998228
998698
998743
998932
