67
167
299
516
546
689
1096
1139
1145
1188
1207
1249
1289
1330
1531
1793
1806
2197
2231
2253
2644
2834
3322
3431
4814
5134
6409
6751
7032
7033
7443
7565
7600
7603
7830
8096
8270
8393
8712
8853
8992
9253
9414
9531
9569
9577
9593
9847
9915
9963
10135
10172
10207
10350
10725
10781
10912
10931
11472
11940
11994
12225
12337
12483
12775
12790
13136
13274
13393
13513
13646
13777
13827
14068
14209
14827
14935
15478
15498
15635
16086
16196
16231
16477
16651
16667
17018
17246
17292
17569
18078
18530
18653
18780
18784
18881
19055
19186
19286
19632
20324
20536
20859
20951
21074
21260
22073
22181
22260
22403
22405
22744
22764
22848
22867
23623
23764
23815
24038
24188
24213
24713
24751
25304
25315
25376
25488
25712
26041
26116
26181
26237
26745
26776
26845
26847
26992
27087
27577
28035
28085
28182
28210
28329
28473
28578
29546
29579
29589
29864
30133
30136
30177
30253
30324
31237
31381
31811
32213
32237
32290
32497
32539
32654
32831
33047
33264
33406
33501
33735
33758
33770
34627
34968
35058
35992
36198
36689
36820
36833
37164
37500
37631
38276
38389
38522
38573
38776
38977
39124
39161
39189
39289
39385
39713
39806
39859
40052
40151
40878
40930
41028
41737
42188
42595
42696
43006
43223
43445
43660
43665
44280
44401
44543
44729
44943
45089
45886
45924
46348
46531
46548
46612
46700
46820
47067
47548
47564
47607
47645
48121
48486
48526
48817
48913
49118
49298
49391
49495
49642
49721
49992
50144
50331
50353
50841
51108
51285
51642
51940
51992
52281
52355
52730
53058
53096
53400
53494
53684
54214
54378
54488
54507
54695
54730
54743
54846
54954
55266
55287
55334
55336
55373
55600
55766
55940
56053
56084
56298
56371
56668
56790
56916
57237
57451
57504
58558
58833
59131
59224
59226
59512
59816
60189
60408
60626
60861
60965
61903
61908
61987
62003
62072
62175
62304
62318
62409
62463
62588
62761
62783
62815
62829
62899
63202
63276
63322
63724
64069
64223
64255
64799
64812
64955
65627
65654
65683
65691
66292
66325
66348
66898
66935
67080
67228
67361
67476
67488
67515
68129
68334
68714
68746
69008
69105
69161
69382
69414
69424
69858
70008
70120
70207
70799
71123
71328
71542
71619
71621
71787
71793
71859
71861
72164
72394
73005
73056
73068
73396
73426
74155
74205
74358
74607
74653
74691
74970
75144
75275
75310
75330
75340
75541
75550
75638
76501
77074
77246
77521
77700
78235
78330
78441
78565
79022
79249
79551
79794
79905
79916
80019
80208
80581
80618
80648
80712
80977
81023
81178
81395
81525
81557
81630
81927
81931
82018
82194
82488
82630
82633
82795
82873
83101
83432
83586
83987
84186
84278
84920
85011
85140
85173
85396
85836
85927
86083
87239
87239
87285
87507
87878
87937
88045
88185
88468
88755
88802
88890
88941
89156
89190
89423
90057
90411
90476
90633
91101
91102
91241
91650
91878
92419
92577
92961
93284
93302
93347
93492
93731
93842
94079
94122
94155
94426
94851
94855
95091
95126
95544
95575
95655
95887
96026
96069
96306
96395
96436
96498
96612
96870
97037
97118
97614
98259
98368
98373
98406
98884
99123
99229
99239
99403
99571
99756
99762
99908
100839
101025
101211
101339
101939
101972
102523
102769
102795
102873
103038
103234
103451
103713
104072
104465
105084
105129
105466
105479
105705
105713
105935
106291
106389
106495
106583
106682
106812
106900
106947
107170
107192
107306
107914
107969
108410
108560
108603
108834
109004
109064
109132
109382
109516
109622
109846
109988
110214
110620
110780
110900
110949
111523
111740
112377
112417
112602
112726
112898
113097
113142
113399
113557
113620
113819
113904
113996
114045
114140
114174
114920
114932
115024
115068
115772
115932
115976
116757
116835
117178
117345
117870
118482
118662
118677
119006
119190
119793
119824
119825
119909
120084
120179
120249
120278
120284
120492
120683
120814
121517
121683
121740
122042
122513
122666
122749
122898
123101
123156
123159
123684
123790
123832
123906
123989
124481
124517
124644
124797
125009
125041
125602
125617
125627
125943
126168
126663
127110
127122
127216
127464
127507
127745
128020
128148
128232
128261
128583
128659
128672
129049
129117
129420
129557
130077
130181
130555
130565
130707
130780
130783
130951
131141
131361
131527
131773
131825
131971
132838
133143
133244
133365
133515
133668
133778
133995
133997
134063
134108
134566
134756
134955
135055
135074
135432
135490
135544
135632
135781
135891
136045
136231
136763
136907
137122
137145
137245
137373
137568
137747
137792
137890
138091
138139
138379
138797
138838
138941
138949
139513
139816
139838
139844
140307
140389
140477
140598
140646
140648
141164
141215
141370
141718
141808
142215
142397
142613
142694
143418
143453
143545
143550
143700
143999
145088
145357
145400
145408
145510
145694
146077
146275
146467
146855
147173
147327
147716
147887
148109
149120
149460
149510
149781
149970
149993
149999
150147
150184
150223
150257
150528
150657
150742
150871
150973
151916
152015
152429
152718
152727
152815
153039
153258
153827
153917
154014
154573
154869
155292
155361
155463
155583
155601
155716
156009
156185
156321
156410
156418
156541
156569
156710
157429
157897
158033
158094
158102
158206
158450
158478
158516
159127
159265
159293
159460
159803
159901
160221
160324
160357
160380
160433
160911
161027
161108
161154
161344
161757
162303
162499
163006
163166
163812
164038
164068
164308
164334
164539
164539
164846
165013
165348
165704
166015
166062
166223
166284
166416
167756
167878
168038
168044
168222
168506
168606
168826
168995
169246
169402
169559
169581
169590
169683
169743
169797
169940
170239
170708
170854
171341
171750
172149
172302
172335
172498
172576
172761
172764
172972
173305
173389
173542
173646
173797
174585
174823
174842
174878
174908
175066
175325
175458
175490
175951
175978
176194
176610
176614
176674
177157
177348
177621
177751
177829
177890
177961
178031
178265
178777
178827
179007
179137
179260
179355
179430
179501
179821
179934
180121
180471
180504
180838
180913
180995
181106
181182
181533
181561
181747
181808
181827
182025
182367
182468
182742
182805
183902
183939
184135
184230
184318
184328
184614
184653
184653
184670
184752
184905
184984
185036
185200
185709
185983
186279
186306
186667
187139
187313
187370
187397
187443
187775
187963
188038
188115
188158
188354
188879
189226
189443
189499
189560
189669
189911
190207
190830
190879
190899
191000
191280
191883
192212
192284
192342
192354
192990
193167
193512
193519
193676
193763
193857
193886
194065
194129
194146
194367
194489
194679
194701
194775
195100
195130
195160
195388
195459
195476
195531
195818
196126
196192
196289
196318
196450
196662
196762
197866
198026
198163
198279
199327
199676
199780
199849
200621
200682
200884
201074
201082
201124
201576
201584
202000
202153
202274
202567
202759
203056
203877
203898
203961
204193
204292
205052
205203
205621
205688
205898
205925
206082
206386
207465
207820
207826
208056
208123
208323
208450
208487
208501
208555
208559
208621
208649
209242
209334
209853
209883
209950
210143
210776
210889
210990
211127
211267
211280
211515
211516
211520
211798
211872
211941
211954
212189
212229
212386
212403
212650
212773
212829
213043
213729
213875
213957
213966
214096
214520
214747
215183
215341
215691
215992
216136
216214
216243
216567
216590
216798
217022
217164
217507
217568
217593
217785
217786
218095
218271
218588
219319
220047
220240
220378
220519
220732
220891
220936
221000
221101
221124
221344
221386
221427
221466
221622
222110
222170
222237
222639
222703
223342
223658
223750
224116
224297
224462
224609
224611
224790
224848
224897
225059
225242
225627
225859
225895
225916
226036
226125
226160
226210
226403
226548
226607
226673
227016
227096
227135
227400
227479
227543
227738
228149
228205
228213
228470
228492
228711
229147
229391
229465
229503
229525
229576
230357
230466
230639
230926
231292
231409
231527
231566
231984
232401
232475
232728
232735
233043
233106
233242
233455
233714
233726
233786
233894
234058
234175
234238
234256
234387
234696
234794
234947
235137
235433
235496
235808
235955
235980
236012
236203
236833
237294
237417
237754
238044
238050
238345
238536
238537
238687
238694
239311
239552
239770
239974
240206
240781
240808
241075
241328
241386
241545
241595
241646
241688
241742
242267
242693
242711
242803
243111
243246
243436
244020
244172
244272
244450
244732
245086
245215
245287
245605
245856
246110
246263
246583
246597
246862
247110
247216
247216
247422
247498
247579
247588
247826
248064
248617
248659
248959
249614
249628
249760
249808
250040
250317
250335
250427
250706
250911
251018
251055
251084
251198
251353
251485
251753
252360
252608
252721
252812
253095
253341
253725
253729
253744
253922
254206
254433
254558
254561
254568
255252
255284
255293
255514
255779
256284
256307
256382
256533
256592
256825
257013
258247
258620
259075
259285
259303
259468
259608
259667
259751
259898
260280
260418
260698
260794
260855
261040
261124
261159
261330
261338
261676
261795
262078
262084
262273
262317
262645
262773
262924
262930
263145
263488
263836
263973
264373
264455
264522
264590
264766
264885
264930
264978
265084
265219
265252
265607
265868
266017
266123
266194
266262
266376
266558
266886
266893
267027
267108
267267
267300
267338
267670
267766
268229
268483
268659
268998
269068
269660
269661
269844
269888
269966
270127
271273
271703
271999
272441
272564
272616
272696
273425
273479
273569
273597
273618
273627
273943
274067
274161
274364
274548
274707
274953
274955
275243
275861
275986
275992
276390
276471
276500
276501
277685
277768
277796
277884
278007
278115
278193
278698
279444
279605
279668
280038
280065
280318
280326
280636
280743
280886
281377
281708
282486
282746
282866
283094
283240
283287
283395
283547
283742
283967
283969
283979
283982
284049
284197
284362
284489
284982
285097
285249
285401
285470
285975
286493
286600
286646
286666
286675
287200
287601
288265
288294
288331
288406
288761
288917
288969
289045
289793
289829
289849
290010
290047
290174
290229
290296
290331
290644
291171
291182
291205
291547
291969
292138
292549
293022
293093
293121
293130
293563
293882
293966
294215
294222
294351
294402
294460
294493
294549
294691
295592
295680
295685
295975
296823
297330
298368
298469
298497
298799
298957
299289
299388
299551
299788
300161
300382
300602
300953
301013
301196
301371
301968
302036
302108
302111
302237
302480
302689
303134
303389
303720
303764
304070
304808
304847
305094
305236
305307
305968
306474
306958
307045
307105
307224
307240
307379
307444
307568
307656
307718
307725
308280
308632
308783
309208
309601
309677
309881
309899
309919
310079
310144
310335
310719
310875
310923
310987
311190
311908
311936
312073
312162
312362
312654
312679
313322
313437
313448
313580
313775
313776
313846
314165
314242
314512
314728
314785
315140
315767
315784
315861
316023
316111
316126
316438
316527
316533
316574
316631
317376
317418
317567
317712
317854
318053
318095
318168
318388
318446
318447
318560
319123
319542
320240
320515
320709
320856
320926
321234
321305
321494
321522
321779
321781
321799
321919
322109
322165
322314
322334
322603
322947
323233
323286
323758
324152
324302
324504
324566
324613
324897
325052
325333
325402
326232
326256
326460
327087
327150
327222
327239
327713
327776
327932
328332
328600
328742
328929
328967
328982
328989
329024
329157
329751
329903
330079
330154
330280
330414
331340
331370
331505
331543
331900
331903
332302
332375
332669
332928
333025
333205
333413
333923
333955
334299
334597
334627
334740
334779
335109
335127
335152
335160
335348
335391
335423
335686
336037
336055
336067
336704
336917
337045
337062
337341
337410
337449
337799
337841
337972
338086
338147
338214
338356
338506
338769
339086
339228
339445
340319
340429
340562
340892
341079
341520
341618
341738
342138
342189
342291
342301
342410
342706
342892
342979
343020
343344
343370
343534
343759
344012
344312
344326
344446
344749
344954
345127
345580
345782
345923
346265
346653
346782
346811
346882
346930
347023
347226
347240
347243
347291
347452
347515
348584
348693
348843
349114
349173
349396
349434
349496
349644
349677
350709
350867
350900
351086
351162
351330
351994
352084
352318
352659
352814
353010
353214
353336
353450
353506
353705
353808
354098
354411
354484
354504
354572
354664
355125
355182
355618
355716
355843
355851
355962
356053
356350
356748
357357
357381
357722
358036
358209
358871
359361
359386
359590
359802
360357
360391
360435
360443
360637
360947
361031
361041
361073
361156
361371
361600
361650
361732
361836
362761
362900
363109
363329
363354
363688
363717
363844
363845
364222
364493
364598
364667
364678
364681
364828
364830
364967
364978
365479
365585
365711
365824
365942
365960
366178
366318
366784
366886
366895
367061
367458
367524
367977
368922
369548
369714
370524
370568
371169
372124
372186
372429
372539
372549
372674
372720
372995
373045
374361
374463
374626
374892
375136
375233
375818
375908
376019
376160
376204
376215
376304
376321
376487
376778
376949
377237
377489
377815
378047
378560
378578
378579
378580
378663
378747
378764
378768
378957
378959
379177
379387
380085
380183
380238
381013
381095
381363
381672
381675
381813
381946
382424
382718
382730
382899
382906
383155
383300
383346
383370
383389
383513
383558
384549
384835
384955
385085
385231
385440
385464
385602
385715
385806
386241
386273
386284
386820
386873
387345
387694
387742
387791
388004
388035
388215
388264
388338
388567
388630
389010
389233
389409
389823
390401
390758
390759
390819
391018
391125
392336
392912
393084
393520
393536
393608
393810
393921
393967
394796
395348
395673
396252
396351
396417
396607
396635
396652
396740
396741
396762
397099
397108
397141
397490
397738
397942
397998
398092
398099
398506
398777
399006
399043
399132
399215
399897
400159
400175
400459
400564
401088
401148
401171
401625
402024
402035
402057
402374
402499
402779
402817
402988
403378
403433
403507
403740
403768
404016
405071
405124
405909
405911
405978
405984
406510
406734
407269
407328
407431
407744
408081
408729
408782
408857
408964
409162
409189
409338
409352
409353
409596
409684
410087
410171
410590
410700
410837
411010
411179
411471
411530
411593
411605
411651
411880
412629
412726
412758
412771
412786
413093
413246
413291
413334
413336
413482
413513
413640
414626
414751
414806
414856
415183
415393
415567
415907
415913
415975
416284
416363
416504
416520
416716
416744
416932
417015
417251
417457
417486
417724
417834
417907
417975
418087
418096
418315
418518
418690
419052
419204
419283
420061
420365
420746
420767
421227
421754
421826
422225
422227
422473
423754
423948
424007
424577
424760
424902
425067
425186
425206
425508
425600
425703
425892
425933
426053
426284
426494
426523
427650
427926
428131
428137
428333
428336
428636
428647
428927
429818
429984
430052
430170
430428
430440
430651
430661
430731
430960
431076
431253
431402
431844
431892
432027
432039
432114
432216
432547
432748
432859
432997
433041
433395
433611
433688
433730
434078
434499
434670
434747
434910
435123
435193
435659
435672
436087
436219
436335
436939
437031
437080
437569
437809
437869
437988
438366
438439
438540
438554
438628
438635
438986
439056
439147
439161
439326
439328
439580
439607
439715
439768
440098
440358
440949
441420
441559
441738
441877
442037
442120
442476
442793
442958
443007
443028
444230
444750
445185
446061
446082
446494
446584
446731
447677
447787
448521
448536
448682
448738
449090
449840
449863
450134
450194
450382
450386
450578
450674
450907
451144
451685
451764
451924
452111
452502
452552
453075
453121
453191
453213
453305
453326
453451
453834
453871
453899
453940
454049
454853
455196
455353
455424
455438
455571
455683
455711
455913
456269
456466
456592
456602
456869
456895
457067
457287
457396
457436
458121
458193
458273
458761
458888
459126
459267
459915
460136
460182
460208
460465
460589
460623
460732
461638
461755
461926
462135
462201
462395
462536
462607
462844
463068
463278
463594
463872
464089
464154
464262
464427
464510
464578
464675
464745
464975
465385
465537
465665
465844
465970
465975
466036
466232
466377
466399
466557
467277
467453
467523
467663
467685
467830
468024
468205
468273
468331
468452
468458
468532
468575
468645
468749
468778
468996
469008
469541
469572
469764
470451
471118
471373
471922
472261
472602
472678
472734
472762
472865
472901
473189
473477
473684
473877
473948
473994
474136
474563
474594
474841
475064
475288
476251
476418
476535
476537
476627
477046
478075
478175
478277
478348
478722
479013
479144
479312
479608
479808
480377
480561
481318
481360
481401
481426
481480
481543
481877
482204
482230
482308
482493
482818
482911
483066
483228
483432
483656
483741
483951
484208
484300
484412
484472
484499
484606
484938
485027
485131
485248
486143
486278
486448
486552
486839
487366
487495
487830
487939
488094
488129
488455
488595
488674
488898
489008
489210
489227
489540
489947
489950
490249
490535
490790
490931
490962
491014
491093
491137
491250
491400
491619
492145
492500
492725
492735
492772
492951
492965
493097
493194
493287
493464
493603
493935
494270
494457
494482
494908
495221
495482
495670
495809
495811
495918
496127
496238
496285
496611
497013
497128
497333
497548
497847
497865
497919
498169
498394
498516
498742
498765
499012
499066
499334
499371
499459
499665
499794
499848
499848
499848
500318
500464
500538
501002
501066
501542
502127
502629
502662
502866
502891
502924
503805
504122
504660
504713
504773
504814
505113
505229
505299
505740
505749
506125
506256
506259
506510
506525
506965
507126
507201
507383
507533
507583
507935
508012
508041
508483
508784
508836
508870
509013
509399
509734
509750
509775
509842
509946
510234
510493
510722
510859
511449
511570
511674
511987
512078
512329
512367
512485
512832
512867
513215
513509
513548
513557
513663
513706
513773
513848
513951
514050
514326
514607
515134
515217
515260
515450
515540
515541
515689
515908
516015
516212
516238
516353
516400
516463
516470
516597
516608
516820
516879
516892
516950
517186
517222
517315
518166
518464
518478
518853
518976
519269
519735
519827
519901
520163
520614
520731
520944
521454
521604
521847
521861
521909
522186
522235
522833
523297
523723
523916
523945
524219
524219
524220
524373
524677
524698
525439
525503
525544
525593
525625
525939
526252
526698
526994
527121
527830
528092
528257
528321
528478
528486
528571
528594
529068
529240
529396
529791
529893
530124
530465
530572
530644
530774
530888
530929
531125
531129
531450
531590
531601
531955
532037
532048
532177
532343
532435
532733
532755
533423
534059
534270
534474
534721
534876
534946
535115
535199
535295
535350
536980
537163
537180
537267
537461
538206
538320
538451
538521
538648
538735
539008
539442
539531
539777
539819
539895
540543
540626
541060
541209
541228
541332
541341
541382
541434
541656
541710
541779
542093
542327
542393
542850
543055
543093
543128
543442
543628
543807
544430
544438
544662
544767
544813
544817
545169
545319
545343
545489
545848
546217
546311
546625
546700
547257
547372
547557
547765
548045
548299
548497
548925
549438
549738
550093
550652
550710
550738
550754
551180
551318
551649
551687
551782
551951
551959
552670
552895
552918
553018
553911
554025
554087
554164
554413
554487
554510
554788
554792
554800
555041
555203
555384
555399
555420
555716
556373
556880
557379
557393
557457
557956
558143
558404
558474
558657
558801
558823
558981
559371
559648
559912
560468
560471
560491
560813
561052
561358
561359
561579
562166
562390
562525
562689
562734
562812
563161
563696
564232
564292
564737
564763
564772
564860
565245
565311
565336
565664
565669
565686
565774
566036
566438
566548
566869
566960
567339
567546
567559
567581
567967
568490
569013
570065
570161
570282
570287
570319
570455
570459
570609
570979
571106
571111
571136
571221
571419
571554
571722
571793
571823
571986
572152
572231
572536
572656
572758
572945
573028
573311
573855
574218
574267
574318
575572
575593
576151
576165
576402
576442
576984
577094
577185
577332
577948
578000
578226
578686
578864
578880
578970
579033
579275
579462
579541
579862
580359
580898
580957
581104
581583
581737
581847
581876
581991
582144
582207
582269
582314
582950
583092
583147
583588
583910
584219
584464
584605
584664
585148
585276
585600
585731
585885
585891
585899
586027
586359
586550
586963
587016
587046
587136
587264
588086
588443
588677
588756
589389
589452
589864
590517
590564
591101
591210
591260
591354
591426
591443
591695
592271
592276
592370
592432
592624
592648
592803
592899
592904
593763
593776
594109
594870
594924
594954
595536
595754
595770
595842
595915
595968
596166
596412
596601
596632
596738
597262
597269
597517
597547
597664
597740
597970
597976
597982
598081
598190
599209
600133
600321
600467
601201
601291
601619
601871
601907
602182
602534
602895
603039
603261
603453
603645
603666
604051
604355
604406
604851
604896
605045
605199
605399
605528
605859
605979
606309
606395
606572
606856
606890
606983
607212
607352
607404
607471
607648
607720
608234
608323
609305
609316
609699
609744
610160
610271
610347
610546
610694
610959
611210
611597
611782
612073
612326
612562
612652
612815
612878
613126
613150
613655
614029
614033
614101
614142
614260
614585
614614
614833
614910
614926
615118
615286
615291
615516
615592
616019
616024
616929
617006
617026
617096
617324
617552
617612
617656
617730
617835
617922
618103
618172
618189
618221
618266
618530
618692
618702
618889
619000
619093
619131
619681
619969
620233
620571
620804
620838
621121
621469
621668
621846
622545
622662
622729
622828
622952
623627
623821
624210
624412
625185
625309
625472
625635
625658
625851
626023
626086
626996
626998
627012
627232
627284
627598
627633
627766
627887
628067
628313
628355
628470
628608
628955
629057
629195
629331
629724
629968
630142
630372
630889
631217
631872
632107
632165
632331
632378
632527
632567
632593
632936
632989
633022
633159
633238
633501
633507
633571
633811
633813
633822
633941
633997
634061
634275
634352
634373
634522
634627
634748
634797
634863
634944
634987
635093
635198
635532
635619
635830
635857
636432
636625
636789
636903
637075
637114
637810
637953
637985
638018
638290
638665
638837
638882
638928
638930
639024
639048
639173
639279
639289
639329
639361
639364
639416
640150
640435
641226
641265
641353
641517
641646
641798
641828
641861
642273
642484
642682
642817
642893
643082
643146
643282
643733
644054
644558
645455
645568
645630
645974
646082
646153
646534
646763
646841
647097
647219
647352
647678
647769
647958
647966
647994
648059
648203
649165
649288
649416
650107
650264
650675
650814
651735
651956
652409
652488
652623
653125
653281
653631
653644
653957
654411
654449
654514
654581
654634
654666
654778
655077
655168
655259
655411
655677
655761
656272
656306
656430
656873
656952
657217
657918
658151
658545
658880
658884
659357
659422
659686
659894
659984
660194
660777
660781
660838
661030
661172
661319
661382
661572
661827
661929
662071
662837
663456
663572
663628
663636
663841
663864
664005
664068
664215
664375
664436
664468
664834
665011
665254
665514
665561
665658
665865
666043
666230
666333
666408
666779
666831
667094
667188
667288
667536
667551
667611
667776
667821
667962
668053
668118
668206
668402
668446
668526
668741
668745
668820
669761
670217
670702
670797
671293
671873
672117
672505
672591
672594
672730
672922
673425
673696
673698
673760
673939
674087
674139
674211
674545
674671
675024
675059
675237
675619
676889
676958
677494
678253
678522
679315
679433
679899
679997
680019
680196
680545
680799
680824
680844
680880
681306
681486
682167
682325
683017
683154
683259
683314
683783
683843
684133
684520
684753
684793
684814
685155
685484
685816
686479
686510
687226
687368
687528
687635
687679
687704
687730
687941
688205
688433
688650
688855
688897
688918
688928
688986
689274
690081
690108
690426
690682
691844
692123
692520
692695
692843
692848
693134
693300
693773
694134
694336
694440
694535
695170
695273
695389
696394
696555
696596
696902
697088
697344
697426
697487
697625
698191
698192
698351
698436
698572
698629
698665
699164
699624
699709
699758
700129
700155
700443
700485
700542
700796
701161
701300
701404
701557
701850
701850
702053
702408
702457
702485
702543
702554
702646
702984
703194
703209
703583
703772
703994
704228
704479
704649
704728
704775
704822
704893
704973
704997
705196
705616
706070
706085
706117
706275
706468
706504
706739
706902
706969
707185
707267
707509
707510
707634
707644
707646
707692
707708
707997
708111
708214
708372
708540
708757
708897
708941
709152
709330
709411
710167
710245
710340
710795
710798
710833
710868
710975
711257
711537
713272
713409
713454
713700
713704
713857
714087
714511
714957
715006
715236
715386
715519
715553
715835
716517
717110
717113
717163
717476
718144
718308
718435
718626
718688
718737
718887
718915
719127
719394
719513
719671
720720
720864
720944
721222
721486
722108
722186
722207
722801
722893
723077
723418
723766
724120
724161
724483
724707
724941
725248
725388
725410
725533
725638
725662
725995
726074
726105
726549
726565
726657
726714
726944
727006
727077
727137
727349
727469
728065
728145
728363
728523
728885
729249
729271
729304
729445
729451
730091
730229
730306
730447
730736
730816
731271
731375
731483
731546
731561
731668
731738
731746
731870
731883
732112
732146
732207
732777
732927
733006
733176
733249
733549
733683
733740
734066
734077
734219
734397
734419
734630
734730
735020
735059
735686
735917
735951
736036
736114
736172
736188
736190
736397
736790
737005
737082
737133
737393
737396
737638
737641
738034
738122
738181
738210
738528
738573
738706
738764
738809
738860
739081
739517
739840
739991
740460
740559
740771
741068
741684
742023
742101
742240
742456
742494
742794
742955
742977
743499
743502
744033
744167
744281
744367
744376
744458
744529
745054
745421
745717
746153
746246
746261
746405
746457
746647
746782
746948
747069
748022
748316
748394
748430
748524
748751
748863
748912
748986
749548
749655
750436
751143
751166
751395
751895
751925
752043
752298
752548
752705
752705
753561
753681
753738
754173
754278
754533
754598
754902
755067
755385
755589
756046
756458
756513
756514
756531
757155
757572
757577
757668
758386
758538
758597
758979
758987
759265
759377
759484
759527
759852
761159
761222
761282
761440
761733
761785
762076
762205
762321
762340
762532
762699
762822
762841
763033
763226
763255
763366
763474
764121
764703
764753
765190
765265
765551
766014
766205
766478
766503
766562
766574
766855
767515
767714
767790
767976
768011
768054
768158
768365
768543
768713
768858
769021
769112
769519
769534
770091
770335
770681
770693
770699
771054
771346
771645
771900
772060
772822
773311
773630
773648
773807
773850
773866
773887
774138
774374
774428
774434
774472
774680
775300
775564
775889
776070
776296
776594
776630
777300
777329
777530
778261
778347
778367
778394
778420
778431
778512
778593
778712
778819
778827
778992
779109
779136
779355
779437
779527
779534
779535
779541
779667
779761
779849
779889
780053
780343
780369
780469
781112
781349
781359
781538
781546
781608
782173
782248
782358
782491
782518
782756
782760
782975
783108
783221
783266
783743
784272
784293
784623
784722
784835
785174
785220
785306
785423
785737
785765
786084
786396
786618
786721
786949
787088
787273
787353
787485
787644
787746
787770
787828
788736
788776
789155
789160
789448
789719
789746
790013
790024
790088
790090
790160
790356
790881
791094
791107
791152
791168
791526
791761
791850
791911
792271
792290
792525
792768
792957
793437
793875
794081
794094
794170
794559
794832
795653
795830
795844
796026
796065
796186
796270
796324
796445
796527
796630
796762
796914
797234
797351
797640
797682
798043
798129
798168
798714
798718
798919
798941
799082
799235
799259
799455
799659
799915
800004
800177
800217
800516
800521
800597
800698
800762
800825
800967
801227
801592
801685
802202
802560
803024
803151
803284
803289
803549
803951
803977
804115
804328
804597
804746
805034
805085
805456
805585
805699
805955
806287
806798
807035
807393
807647
807986
808034
808596
809178
809205
809482
809542
809642
809654
810046
810129
810160
810263
810302
810326
810651
810713
810771
810893
811197
811270
811420
811438
811464
811904
812045
812479
812480
812491
812694
812787
812890
812917
812929
813122
813125
813261
813319
813474
813581
814171
814227
814283
814387
814468
814554
814674
814810
814840
815132
815227
815332
815455
815527
815600
815645
815749
815960
816126
816286
816606
816749
816875
816937
817039
817068
817079
817102
817263
817486
817594
817599
817642
817842
817905
818287
818750
818761
818825
818826
819337
819822
820074
820235
820606
820655
820743
821010
821023
821055
821768
822539
822961
823161
823223
823636
823965
824255
824282
824496
824745
824777
825228
825565
825710
825923
826346
826458
826811
827052
827224
828410
828942
829299
829337
829535
829584
829768
829990
830205
830258
830493
830984
831190
831337
832222
832235
832699
832761
832824
832965
832981
833134
833396
833465
833670
833754
833955
834009
834259
834318
834436
834669
834711
834879
835001
835022
835198
835300
835471
835618
835735
835783
835859
836221
837811
837853
838001
838078
838433
838653
838688
838697
838814
839019
839310
839341
839586
839886
840152
840353
840473
840519
841059
841261
841565
841749
841850
842378
843157
843269
843629
843927
843990
844656
844914
844968
845079
845400
845503
845688
845917
845988
846058
846106
846292
846295
847047
847274
847669
847692
848068
848203
848503
848525
848886
848938
849111
849331
849375
849658
849696
849765
849879
850133
850294
850801
850857
851011
851128
851633
851864
852138
852269
852656
852678
852806
852844
853148
853237
853486
853518
853523
853621
853783
853847
854230
854331
854499
854999
855266
855420
855799
855837
856549
856746
857434
857708
857769
857864
857983
858085
858199
858532
858606
858870
858932
859049
859119
859266
859751
860037
860266
860293
860384
860530
860865
860938
860980
860999
861057
861127
861304
861700
861879
862059
862112
862386
862450
862531
862540
862574
862680
862906
863031
863166
863183
863344
863434
863759
863772
863839
864158
864186
864441
864519
864592
864814
865344
865425
865485
865559
865772
866740
866812
867104
867493
867661
867663
867727
867784
868230
868290
868621
868677
868741
868798
868809
868845
868944
869039
869247
869382
869455
869565
869850
870018
870280
870424
870426
870809
870884
871141
871294
871912
872097
872109
872263
872657
872662
872701
872731
872758
872936
873150
873757
873914
874845
874906
874923
875005
875268
875333
875395
875575
875793
875941
876281
876957
877157
877185
877226
877236
877555
877705
877916
878008
878009
878144
878146
878176
878466
878578
878719
878825
878902
879351
879684
880053
880219
880338
880502
880588
880988
881010
881540
881755
881772
882087
882205
882278
882344
882545
883058
883390
883494
883721
883800
883997
883998
884058
884090
884205
884251
884441
884447
884520
885469
885624
885797
885812
885899
885967
886079
886398
886444
886652
887083
887166
887289
887333
887915
888512
888729
889302
889497
889858
890263
890612
890789
891056
891417
891592
891760
891965
892414
892534
892814
892886
893170
893671
893767
893864
894061
894131
894385
894420
894844
895027
895564
895858
896027
896213
896372
896757
896793
896823
897259
897332
897355
897423
897524
897987
898058
898113
898406
898764
898830
898833
898951
899147
899456
899891
900602
900914
901263
901653
901720
901770
901790
902267
902340
902429
902496
902533
902738
902757
903281
903298
903413
903484
903626
903659
903977
903982
904006
904107
904632
904781
904907
905042
905366
905534
905793
906039
906204
906362
906519
906736
906837
907013
907045
907206
907412
907438
907590
907670
907787
907824
907893
908043
908057
908098
908230
908546
908556
908615
908811
908828
909296
909632
909675
910168
910254
910266
910422
910731
910748
910826
910829
910854
910932
911506
911615
911824
911938
912164
912181
912797
913084
913090
913097
913141
913170
913219
913368
913543
913680
913765
913778
914042
914924
915072
915142
915152
915593
915730
916889
917297
917356
917439
917771
917780
917860
918155
918287
918696
918828
918833
919183
919229
919577
920125
920138
920171
920400
920699
921014
921164
921232
921557
921612
922149
922759
923314
923351
923397
923430
923467
923621
923965
924104
924186
924386
924629
924817
924849
924866
924913
925543
925807
925871
926019
926137
926324
926869
927175
927345
927366
927508
927631
928214
928274
928344
928783
928798
928976
929035
929044
929206
929827
929985
930264
930373
930777
930929
931219
932259
932262
932477
932573
932770
932793
932981
933127
933393
933858
933863
934122
934252
934736
934811
935108
935139
935340
935391
935579
935710
935872
935897
935952
936027
936106
936352
936718
936852
937002
937042
937294
937353
937659
938000
938015
938024
938208
938261
938417
938912
939050
939127
939183
939273
939363
939692
939729
939738
939888
940337
940552
940568
940721
940738
940819
941553
941849
941891
942300
942384
942544
942760
942879
943019
943389
943559
943623
943661
943785
943819
943865
943915
943921
944348
944442
945240
945685
945802
945905
945998
946497
946549
946758
947139
947596
947609
947636
948340
948727
949273
949462
950139
950338
950340
950370
950611
950628
950833
951081
951426
951592
951906
952045
952045
952107
952365
952368
952572
952715
953221
953243
953410
953537
953557
953976
954255
954866
955119
955541
955645
955646
955951
956006
956026
956196
956240
956620
956749
956816
956990
957076
957183
957277
957553
957624
957847
958083
958095
958669
958905
959137
959315
959706
959710
959928
960099
960201
960428
960519
960735
960832
960849
960903
960931
961044
961253
961727
961897
962145
962149
962377
962415
962745
962784
962846
963040
963062
963371
963644
963661
963792
964091
964189
964406
964807
964915
964993
965314
965746
966286
966306
966489
966714
966916
966965
967015
968023
968118
968130
968166
968318
968523
968601
968734
968845
969073
969268
969532
969569
969759
969915
970226
970308
970362
970474
971177
971722
971782
972648
973153
973521
973613
974607
974735
974769
974963
975210
975646
975914
976465
976862
976999
977223
977317
977617
978113
978633
978798
978864
979333
979410
979426
979479
979923
980086
980135
980192
980194
980492
980559
980574
980722
980778
980987
981248
981550
981575
981606
982143
982333
982392
982906
983084
983168
983426
983609
983689
983980
984233
984336
984930
984942
985406
985416
985821
986771
986837
986930
987031
987075
987232
987510
987709
987784
987925
987927
988636
989383
989447
989507
989528
989720
989895
990178
990559
990580
990624
990829
991743
992115
992464
992694
992749
993174
993468
993667
993716
994151
994157
994206
994369
994373
994383
994412
994935
995306
995330
995518
995615
996223
996236
996683
996704
996945
996989
996998
997652
997688
997804
998273
998279
998318
998609
998616
998696
998697
998763
999106
999362
999941
