216
2698
4476
6358
8828
9016
9734
9847
10158
11057
12766
12815
12999
14736
15593
16672
18179
21857
23225
23979
25557
25819
27112
28937
29155
29309
30017
31371
31642
33861
36222
36501
37015
37807
39103
39290
39544
40430
40605
41856
42928
45902
46623
47579
48963
49340
49701
50458
51881
52208
53187
53193
53697
55339
55735
55936
58054
59643
60006
60367
61335
63497
64618
67845
68165
68438
69646
70294
70564
71854
72482
73231
73692
73861
74087
74891
75966
76602
77115
77429
77811
78157
78754
79594
80003
82206
82288
83331
83538
83552
84447
86848
87421
87688
87944
88273
88858
95246
96150
98523
99212
100933
101872
102513
105412
105583
106014
107267
108485
109852
110706
110815
116400
116646
116692
117800
118382
119327
120111
121632
121813
122378
122664
123047
123133
123248
124223
127328
129621
129964
130406
130613
131226
132263
132438
134771
135952
136516
136541
136981
137308
137412
137638
137782
138262
138894
140028
141143
141844
142125
143892
143896
145740
146254
147824
150284
150727
151888
152376
152665
154324
155554
155829
156829
157264
158065
159212
159281
159371
159567
160506
163758
164715
165244
166774
167585
168110
168701
169475
171571
172830
174091
174829
175224
177200
178645
178652
180209
180508
180553
182144
183183
184169
185720
186129
186526
187903
188766
189495
189665
190839
192216
192928
193176
193918
195360
196102
196536
197796
198043
199288
199448
200200
201511
201878
203248
203456
203537
204919
205572
205729
208258
208990
209067
209908
210470
211149
211342
214991
217234
220306
220442
220906
221417
222035
222946
223989
224478
224560
228948
229787
231455
231681
232656
232793
235488
235751
238404
239028
239722
241031
242097
242532
243021
244456
245614
248445
249785
250313
251314
252198
252965
258621
260210
260579
261111
261372
262814
263475
265581
266876
266953
268511
270575
270624
272862
273664
274680
274968
277466
277939
277998
278143
279064
279071
279600
280179
280374
284825
287521
288476
288497
288832
288933
291545
292064
296157
296905
297335
298149
299358
299561
300564
300682
303104
304104
304430
304773
304908
306468
308173
309506
310813
310887
315372
318365
322148
322259
327302
328531
329383
329605
330032
330349
330441
330703
330720
330915
332416
333347
335288
339835
341114
342286
344101
346287
346288
346940
348186
348398
349529
349948
351860
353071
354810
356680
358416
358680
360241
360247
362419
363069
363810
370008
370138
371384
371511
371618
371858
372107
373667
374514
374545
375099
377122
380692
381314
382116
384138
384945
385936
386921
388187
388647
388704
391610
392947
393145
395014
396594
396764
398784
399146
399147
401212
401908
403386
404828
405241
405545
406006
406266
406325
406792
407559
408103
408198
408596
408885
409143
410132
412155
413531
414137
414706
417146
418215
418942
420017
420027
420851
421678
422178
422672
424157
424248
426023
426095
426156
426637
427135
428562
429411
429560
431858
432701
433282
434066
434635
436017
438898
439006
439515
440824
442114
443382
443417
444275
446500
446641
446961
447329
447576
450955
450963
452584
452731
453810
456144
460544
461694
461754
462390
462446
464383
466058
466492
466534
467198
468055
468952
472017
472126
472493
473072
474632
477851
478102
478363
479135
479989
481028
482098
482678
483291
483614
487262
487517
487598
487994
489862
491121
492114
492492
494675
495096
495300
496039
496224
497935
498165
499001
500686
501562
502712
504629
505122
506767
507872
511323
512269
512611
512950
513132
513627
514372
514809
515381
517169
517924
518145
518164
518849
521150
522904
524981
526203
526888
527352
527416
528654
528655
528804
529703
529724
532232
532672
533870
534330
534413
534870
535964
536964
537240
538225
538716
540467
540555
544815
545268
546146
546563
547017
547085
547499
548323
548549
550465
551802
552294
554467
555543
555551
556448
556979
557449
561737
562144
562708
564961
565057
565194
565298
567045
569072
569788
570185
570407
570733
570970
570976
571549
572692
573316
578182
579875
580385
580612
580617
585005
588280
589012
589628
593981
594401
594446
594455
594548
594790
595919
598641
598796
599032
600683
600749
601005
601881
602121
602510
604895
608710
609895
612583
614595
616194
617690
618429
619300
619378
619847
620150
620746
621927
623732
624147
630436
630527
632118
633612
634487
634858
635833
637105
637163
639531
639971
642490
642934
646715
647411
647524
648284
649564
650131
651657
651901
653178
653264
653642
655951
658013
658899
664339
664967
665140
665142
666766
666813
666974
668171
669400
669525
672286
672572
673409
674190
676119
676206
676962
677477
679084
679340
680338
680582
683296
687676
689165
691475
692307
692822
693305
695969
698086
698497
698601
699479
700909
701577
702429
702844
703075
703869
703978
705653
706169
706831
708342
709389
710625
710964
711670
712215
712537
713611
715567
716470
717354
723922
725581
725998
726068
726444
727361
728522
728792
729256
729461
730264
733812
733930
734211
734360
735302
735387
735973
736720
736778
736806
737932
738046
738436
740209
740227
740453
741187
741344
741748
744681
746136
746684
747706
748918
749830
749905
750172
750252
750933
751365
753179
754214
755093
755914
756056
756177
760940
762440
765049
765482
765612
766410
767476
767822
769518
770370
770771
772038
772639
772674
774610
779046
779065
779321
779325
779565
780104
781671
782021
782402
783770
784792
786927
787419
788480
789443
791669
794664
795052
796601
796811
797200
798697
799607
800077
800551
801234
802300
803282
803560
803932
804222
805342
805425
807102
807199
807317
807544
808174
809560
809846
811212
813006
814528
814648
816017
816805
817920
820579
820829
820987
823115
825783
826731
830250
833132
833136
833243
835939
837775
838926
839628
841658
841706
841711
842000
842926
844040
845074
845623
845669
850418
852828
853723
854275
855330
856439
858643
859403
861184
861311
861788
862313
862598
863283
864312
864931
865184
867114
870243
870962
872482
873055
874261
875077
876042
877863
878919
882004
882586
885512
886517
887661
888194
888221
888383
892444
893951
894324
894527
895572
896105
896568
896620
897659
899276
899382
899910
900941
901250
901666
901733
901978
903403
903612
903708
904335
908074
910293
912492
912717
913105
913634
913870
914326
914683
914922
916171
917411
918534
918817
918934
919663
921910
924718
926716
927108
928747
928971
929601
930496
930806
930968
931126
931532
932049
932852
933571
933680
936148
936180
936250
936682
937326
938763
939171
939476
939822
939892
940593
940962
941052
944266
945174
945826
945962
946805
947349
947648
947978
948315
948778
949293
950090
952594
953120
953484
956015
956617
957158
957588
958039
958772
958833
959488
960390
960898
961019
961905
962024
962653
963657
965698
967406
969590
970740
971990
972161
972241
973906
973943
975425
975724
976124
976531
978005
979084
979115
979447
980359
980644
981667
982155
982637
983667
985478
987106
987643
989647
990014
990108
991701
992083
992132
992493
993453
993884
995644
996226
996492
999100
999961
