79
161
1862
1890
2293
2443
2778
2830
2880
3496
3960
4442
4788
5000
5052
5290
6317
6317
6344
6544
6592
6963
8559
9058
9063
9894
10170
10514
10817
10872
12821
13028
13131
13287
13433
13618
13738
13940
14361
14548
14561
14670
14720
15132
15212
16268
16384
16521
16574
17181
17313
17716
17979
17989
18400
18581
19479
19654
19792
20231
20827
20992
21132
22747
23397
24074
24103
24444
24700
25072
25171
25868
26259
26296
26566
28119
28348
28734
29436
29563
29725
30240
30975
31310
31332
31343
31471
32139
32143
32213
32994
33053
33059
33106
33401
33805
33806
33813
33950
34468
35245
35391
35519
35551
35845
36603
36799
37260
37725
38041
38384
38679
38766
38873
39152
40219
41361
41758
42134
42521
43616
43735
43931
44455
44683
44952
45273
45839
46296
46534
47360
48191
48720
49008
49151
49303
49589
49847
50245
50348
50437
50830
50961
51651
51980
51991
52221
52400
53310
54048
54366
54887
54939
54994
55341
55822
55879
56427
56509
56520
56616
56937
57123
57177
57847
58017
58170
59178
60084
60119
60143
60341
60617
60658
60732
61167
61621
61884
62169
62270
62351
62446
64058
64270
64801
65463
65557
65645
66254
66706
66923
68452
69032
69253
69455
69506
69917
70282
70553
70559
70597
70681
70901
70925
71098
71344
71413
71530
71660
71667
71668
71733
71782
71846
71852
72704
73749
74394
74642
74939
75686
75776
75889
75981
76143
76220
76372
78044
78568
78645
78732
79647
80428
80698
80713
80951
81266
81352
81898
82332
82633
83131
83247
83329
83488
83616
83892
84543
84719
84827
85201
85465
85522
85814
86080
86468
86953
88062
88069
88201
88226
88458
88608
88804
88865
89771
90039
90043
90186
90832
90876
90909
91091
91307
91946
92785
92937
93862
94170
94891
95231
95640
95644
95705
95973
96254
96812
97479
97882
98002
98678
98689
99060
99078
99398
100011
100363
100445
100520
100752
101292
101523
101938
102245
102506
103200
103289
103457
103713
104430
104695
105777
106368
106455
106486
106728
107326
107589
107953
108150
108237
108576
108643
108777
108944
109126
109381
109936
109954
109981
110187
110453
111077
111395
112637
112658
112962
113294
113448
113800
113925
113939
114300
115058
115516
115585
115698
115766
115790
116196
116358
116990
117046
117344
117826
117897
118616
119487
119526
119974
120085
120174
120544
121415
121865
122543
123712
125259
125567
125675
126042
126192
126316
126367
126438
126719
126883
127120
127234
127898
128581
128976
129516
129532
129559
129696
130262
130624
130913
132392
132950
133015
133246
133351
133524
133590
133984
134000
134324
134584
134715
134818
135529
135569
135672
135883
136540
136559
136706
136739
136815
137100
137123
137260
137283
137299
137363
137909
137929
138415
138776
139143
139266
139311
139351
139444
139596
140107
140243
140295
140450
140569
140934
140945
141570
141795
142389
142766
143772
143982
144225
144562
145284
145533
146012
146603
148055
148229
148436
148694
148704
149515
149540
150037
150043
150751
151585
151597
151845
152684
153256
153539
154156
154220
154691
155094
155238
155690
156069
156199
156359
156437
157001
157296
157826
158479
159678
160909
161109
161130
161262
161369
161436
161612
161731
162243
162647
162874
163351
163384
163744
163770
164167
164278
164422
164793
164852
165776
166165
166722
167277
167556
167562
167586
167609
167966
168031
168879
168999
169128
169768
169946
170321
170681
170964
171025
171808
172033
172290
172469
172587
172802
173112
173504
173688
174019
174526
175007
175759
176100
176301
176827
176969
177114
177143
177235
177447
177494
177570
177602
178046
178690
179240
179692
179876
179973
180329
180422
181284
181529
181587
181702
181862
182064
182291
182550
183831
184329
184438
184645
185222
185235
185249
185576
185858
186240
186482
186794
187128
187588
188326
188348
188930
188969
189375
189524
189550
190039
190159
190818
191117
191169
191997
192544
192630
192853
193269
193716
194017
194033
194090
194856
194867
194929
195202
195704
195768
196189
196425
196507
196657
197267
197748
197951
198262
198602
198752
198931
199643
199775
199896
200084
200299
200953
201119
201352
201611
201707
202266
202393
204299
204416
205002
205134
205246
205264
205429
205608
206354
206550
206779
206933
206983
207438
207963
208302
208564
208973
209067
209079
209797
209824
209870
209880
210423
210672
211209
211212
212332
212342
212820
213220
213596
213662
213663
213908
213955
214337
214534
214548
214779
214986
215162
215390
215518
216283
216386
217188
217382
218523
219008
219532
219568
219594
219758
220097
220121
220246
220836
220897
220898
220935
220961
221013
221380
221683
222389
222859
223225
223815
223827
223863
224769
225445
225718
226267
226437
226555
226891
226908
228216
228380
228411
228590
228713
229104
229193
229293
229302
229328
229568
230025
230339
230442
230632
230994
231236
231507
231750
232583
233170
234362
234521
234565
235617
235715
235977
236832
237572
237716
237756
238937
238995
240295
240562
241052
241995
242223
242376
242858
242980
242990
243256
243347
243602
243687
244397
245417
245651
246136
246526
246687
248798
250166
250218
250653
250991
251313
251666
252135
252638
252786
253219
253621
253946
254213
254244
254562
254616
255361
255880
255955
255990
256497
256503
256800
256806
256983
257327
258196
258606
259011
259062
259965
260209
260382
260424
260822
262319
262432
262503
262838
263139
263461
263645
263901
264050
264168
265323
265346
265467
265824
266011
266045
266103
267411
268016
269122
269604
270399
271210
271329
271929
273045
273262
273456
273722
273806
273841
274050
274891
274919
274924
274971
276071
276314
276347
276349
276611
276799
277475
277867
278083
278097
278210
278210
278256
278423
278637
278962
279069
279124
279748
280449
280752
281179
281202
281969
282095
282604
282853
283028
283226
283344
283750
283909
284744
284860
284945
285017
285142
285205
285385
285742
286535
288278
288991
289123
289486
289727
290027
290275
290649
290793
290917
290922
291003
291243
291257
292394
292465
292681
293104
293594
293883
293922
294322
294466
294644
294848
294972
295334
295400
295452
295519
295726
295880
295892
295893
296200
296323
297762
298757
298902
299285
299755
299873
300678
300824
300834
301210
301373
301460
301939
302094
302257
303019
303023
303127
304098
304119
304232
304831
305135
305644
305680
306154
306347
306408
307189
307603
307876
307995
308168
308510
308799
308937
309237
309310
309998
310208
310307
310562
310646
310696
311137
311425
311975
312001
312175
313473
313576
313649
314774
315010
315459
315722
316087
317143
318009
318505
319099
319436
319901
320105
320590
320880
321086
322257
322586
322594
323058
323406
324070
324097
324821
326170
326984
328273
328536
329301
329335
329399
330732
331215
331237
331401
331403
331604
332203
332283
333428
333524
333651
333975
333978
334483
334645
334920
335195
335550
335650
335659
336023
336145
336744
336871
337146
337319
338080
338834
338935
339085
339113
339895
340141
340553
341655
342325
342472
342679
342868
344048
344777
344817
344918
345015
346795
347717
348261
348963
349390
349622
349793
350383
350421
351048
351218
351456
351460
351788
353151
353998
354284
354446
354790
355619
355727
356077
356727
356964
356975
357049
357185
357275
358026
358194
358230
358330
358666
358982
359651
359673
360050
360060
360185
360992
361074
361428
361591
361846
361993
362554
362794
363320
363655
363847
363998
364163
364504
364636
365612
365940
366239
366302
366418
366455
366620
367001
367371
367876
368017
368266
368348
368482
368570
368911
368993
369017
369284
369418
369706
369977
370001
370083
370369
370806
370890
371161
371283
371314
372308
372423
373364
373506
374189
374940
375112
375532
375558
375861
375982
376042
376411
376619
377499
377759
378209
379762
380603
380954
381657
381773
381931
382133
382370
382419
382567
384830
385764
385852
386240
387826
388544
388559
388568
388719
389073
389463
389789
389905
390403
390406
390957
391178
391265
391290
391507
391664
392086
392397
392563
392699
392756
392897
393233
393295
393663
393782
394394
394545
394595
394637
394740
395631
395816
395937
396215
396382
396485
396536
396638
396652
396761
396997
397333
397570
397891
397956
399465
399709
399715
399759
400003
400586
400667
401007
401135
401593
402437
402995
403216
403247
403262
403358
403404
403928
404140
404253
404919
405234
405525
405973
406145
407131
407426
407747
407835
408043
408150
408534
409116
409697
410355
410758
411133
411207
411344
411510
411604
412105
412426
412525
412680
412920
413339
414435
414725
415604
415761
416031
416149
416317
416616
416838
416984
417186
417440
417540
417896
417947
418759
419199
419616
419681
419857
420054
420517
420620
420902
420948
421127
421489
421657
421762
422840
422891
422916
423147
423625
424082
424518
424648
425072
425117
425237
425346
425962
426372
426471
427718
430366
430377
430789
431082
431876
432062
432329
432589
432704
432807
432855
433893
434099
434255
434319
434345
434646
434703
434798
435547
435677
435910
436125
436165
436345
437388
437498
437777
438564
438883
439482
439764
440340
440496
440687
441534
442114
442613
442624
442679
442683
443186
443195
446673
446823
446854
447159
447174
447342
447852
448319
448399
449136
449831
450203
450274
450367
450478
450641
450952
451021
451156
451167
451262
451780
451788
451969
452410
453340
453595
454553
454613
454679
454992
456060
457285
457748
457994
458035
458356
459174
459720
459751
459790
460207
460730
460968
461306
461375
461614
462047
462080
462108
464329
464339
464618
464733
464813
465056
465060
465363
465641
465720
465960
466175
466177
466591
466767
466903
467087
467099
467366
467517
467646
467730
467877
468300
468437
468510
469225
469275
469279
469737
469852
470085
470118
470517
470891
471934
472084
472132
472509
472924
473543
473639
473785
473871
474582
474869
474896
476001
477336
477594
477641
477801
478040
478604
478742
479225
479402
479820
480081
481133
481362
481472
481880
482219
482645
483110
483413
483796
484369
484610
485246
485431
485490
485808
485902
486238
486628
486670
486867
487195
487208
487213
487246
487410
487574
488447
488698
488718
488840
489269
489602
489718
489853
490260
490394
490705
491879
492193
492225
492442
493029
493843
494477
495054
495305
495385
496028
496997
497041
497845
498308
498958
499645
499869
500223
500353
500452
500831
501166
501182
501195
501207
501409
501793
501805
502127
502231
502375
503517
504453
504469
504734
504845
505114
505201
506100
506554
506642
506965
507659
508452
508791
508998
509011
509130
509292
509423
509435
510525
510702
510735
510964
510976
511377
512534
513086
513209
513271
513272
513427
513575
514774
514780
515096
515509
515741
515746
516414
516650
517151
517786
517932
518446
518576
518895
519501
519763
520055
520104
520131
520580
521046
521351
521711
521779
522160
522639
522643
522779
523733
524849
526225
526315
526378
526867
526935
527074
527793
528199
528264
529132
529411
529731
529738
530161
530786
531524
531769
532072
532161
533161
533267
533393
534197
534375
535480
535890
536012
536052
536068
536073
536090
536444
537178
537577
538185
538225
538680
538891
539152
539227
539828
540595
540744
540781
540800
540898
541377
541556
541736
542228
542319
543697
544846
544872
544924
545192
545328
545520
546336
546558
547002
547226
547252
547424
547524
547759
548961
549203
549278
550424
551340
551734
551939
552044
552625
552887
552973
554384
554481
554863
555113
555167
555470
555480
555576
555916
555928
556550
557168
557343
557593
557624
557999
558364
558530
558984
559354
559430
559589
560020
560476
560644
561417
561891
561944
562033
562498
563399
563635
563857
563909
565312
565313
565405
566054
566197
567562
567742
567939
568308
568867
570295
570500
570840
570986
571406
571564
571576
571585
571649
572253
572951
572953
573549
573849
575180
575210
576417
576741
577254
578037
578550
578557
578948
579083
579610
579981
580338
580564
580569
580581
580654
582236
582573
582598
582894
583199
583562
584871
585212
585587
585593
586027
586797
586844
587188
588017
589057
589059
589090
589551
589694
589700
589774
590037
590068
590329
590549
590721
590825
591136
591253
591553
592212
592387
592922
594341
594520
594901
595196
595247
595637
596003
596091
597205
597474
597722
597736
598534
598824
599532
600210
600684
600763
600863
601087
601259
601529
602299
602414
602498
602637
603410
604107
604483
604572
604675
604718
605085
605114
605395
606011
606135
606528
606550
607000
607328
607576
607738
608203
608278
609043
609313
609557
609840
610103
610534
610704
611247
612041
612088
612810
613070
613577
613581
614419
614692
614882
615203
615887
616224
616519
616641
616978
617147
617169
617192
617196
617294
617444
617450
617502
618091
618424
618685
618763
619134
619595
619610
619703
620364
620459
620554
620622
622776
623056
623504
623547
624161
624756
624893
625163
625336
627195
627750
628561
629203
629604
630009
630171
630412
630700
630908
631092
631724
631872
632411
632673
632677
632794
633500
633562
634029
634243
634614
634815
635366
635612
635636
635681
635712
635727
636308
636445
636496
636568
636613
636633
636677
636745
636913
637004
637698
638022
638080
638155
638236
638365
638445
639263
640142
640663
640796
641317
642265
642400
642639
642756
642817
642993
643486
644095
644180
644415
644471
644550
644727
644907
644958
645035
645773
646103
646139
646214
646676
647498
647908
648490
648633
648724
649730
650610
650777
651326
651566
651635
651896
652113
652526
652879
652925
653568
653589
653898
654140
654377
654758
654827
654935
655508
656237
656308
657022
657028
657615
657993
658186
658611
659057
659147
659403
659917
660513
660618
660819
661047
661109
661414
662010
662150
662385
662411
662468
663133
663207
663511
663805
664165
664966
664978
665351
666275
666360
666520
666598
667285
667336
667424
667742
667987
668733
669354
669376
669532
670649
670934
672508
672567
672585
672920
672944
673911
674685
674727
674963
674988
675504
675505
677143
677656
677780
677895
678128
678321
678763
679714
680179
680235
681136
681164
681183
681240
681286
681287
681443
681479
681755
682046
682420
682581
682616
682673
683408
683496
683632
683641
683890
684103
684537
684870
685899
685998
686050
686242
686939
688239
688296
688828
688867
688997
689053
689854
690001
693349
693851
693926
693930
694229
695078
695170
695329
695510
695608
695671
695687
695808
695829
696055
696318
696411
696424
697297
697549
698061
698324
698385
698468
698589
698757
699322
699949
700155
700303
700387
700459
700712
700726
701091
701346
701690
702110
702172
702735
702840
702901
703331
703488
703580
704374
704576
704854
705096
705496
705783
706108
706738
706891
707590
707894
708046
708104
708281
708658
708952
709005
709059
709130
709254
709306
709454
710113
710745
711313
711400
711594
711665
711842
712107
713070
713134
713144
713851
714046
715254
715284
715536
715721
716027
716076
716118
716196
716649
717027
717961
718527
718541
718587
719244
719518
720296
721079
721429
721571
721818
722227
722240
722362
722438
722816
723661
723881
724242
724783
724792
725140
726199
726723
726926
727491
727519
729661
730024
730150
730232
730607
730938
731443
731565
732325
732548
732909
733507
733959
734165
734991
735575
735646
735675
736251
736670
737510
737616
739036
739513
739836
740323
740586
740686
740837
741844
742326
742703
742986
743291
743429
743749
743761
743824
743880
743926
744297
745211
745450
745703
745925
746021
746711
746870
746948
746980
747270
747693
747708
747908
748154
749135
749948
749975
750046
750628
750636
750769
750951
751031
751230
751329
752115
752752
753384
753564
753689
753720
753820
754040
754681
756893
757108
757234
757764
758031
758185
758202
758511
759496
760549
760648
760735
760823
761000
761536
761568
761605
761665
762100
763217
763629
763817
763965
764120
764238
764286
765239
766648
766780
766878
768046
768301
768330
768378
768898
769207
769456
769596
769633
769693
769765
769918
770140
770638
770652
771207
771912
772329
772479
773189
773208
773547
773582
773734
773771
774113
774223
774749
774823
775145
775310
775455
775906
775956
776231
776500
776907
776985
777161
777349
778067
778166
778330
778490
778730
778922
779068
779094
779507
780066
780209
780782
780902
781191
781301
781507
781715
781893
782320
782346
782409
782509
782574
782710
782981
783177
783195
784037
784171
784192
784205
784294
784421
784520
784646
784695
784806
785091
785384
785408
785717
786638
786653
786915
787274
788138
788479
788628
788933
789718
789790
790471
790506
790562
791164
791337
791740
791835
791939
792086
792259
793539
793542
793558
794174
795118
795883
796016
796384
796468
796550
796955
797013
798228
798235
798516
798833
798937
799302
799983
800466
800494
800526
800891
801401
801493
801523
801563
801875
801923
802070
802750
803260
803448
803901
804565
804702
804799
804857
804922
805669
807195
807573
808698
809077
809264
809413
809750
809831
810520
811535
811541
811626
811933
811956
811987
812026
812074
812542
813138
813783
814115
814773
814795
815003
815080
815142
815458
816003
816508
817999
818017
818072
818113
818677
818771
818946
818947
819435
819737
820107
820339
820559
821013
821040
821186
821472
822510
822580
823916
824437
824919
825335
825489
825704
825826
825982
826204
827025
827129
827944
828652
829109
829166
829700
830355
830419
830599
831502
831548
832164
832625
833141
833216
833905
833917
833956
833976
835554
835682
836231
837374
838166
838283
838909
838966
839016
839255
839699
840338
840796
840874
842847
843211
843376
843978
844258
844559
844597
844864
845622
845703
846282
846676
847941
848636
848745
848763
848767
849356
850266
850459
850529
851139
851552
851718
852058
852410
852446
852694
852948
852981
853009
853283
853376
853387
853461
853568
853651
853724
854129
854173
854311
854514
854755
855206
855694
855761
855815
856060
856085
856520
856729
856958
857817
857936
858286
858323
859308
859466
859683
859823
860539
860617
860623
861271
861544
861953
861992
863285
863367
863652
863767
864184
864446
865555
865870
866175
867117
867255
867397
867787
869085
869243
870065
870378
870505
870535
870560
870606
870688
870699
871959
872699
872706
873381
873420
873487
873985
874248
874419
874528
874569
874591
875074
875275
875472
875917
876255
876665
876763
877486
877710
878151
878300
878619
879234
879527
879622
879960
879981
880295
880324
881214
881597
881824
881872
882192
882446
883380
883595
883597
883626
884187
884695
884930
884997
885151
885298
885868
886098
886304
886383
886719
887201
887440
887770
887928
887967
888043
888589
889102
889209
889500
889984
890659
891594
892008
892037
892066
892139
892160
892298
892342
892574
893533
894446
895044
895083
895671
895691
895946
896103
896117
896459
896646
896819
897261
897384
897463
897541
897600
897973
898339
898356
898532
898705
899461
900043
900225
900262
900289
900762
900969
900970
901205
902652
902903
903142
903285
903370
903427
904571
904938
905103
905859
905974
906189
906271
907009
907059
907395
908191
908205
908368
908386
908687
908918
909026
909326
909807
909917
910094
910106
910216
910340
911439
912039
912191
912300
913223
913497
913936
914037
914425
914643
914660
914719
915455
915537
915569
915885
916799
916799
916955
917274
917486
917653
917818
917862
917987
918041
918313
919254
919588
919654
920460
920553
920854
921668
922056
922406
922464
924383
924711
924737
924810
925435
926422
926536
926573
926582
926852
927243
928679
929054
929714
929743
930092
930198
930359
930654
930794
931277
931842
932045
932086
932406
932785
933100
933184
933212
933436
933811
933856
934175
934338
935363
936033
936127
936188
937313
937567
937690
937704
937937
938119
938433
938526
939905
940373
940673
940718
941282
941645
941754
942013
942042
942333
942672
943005
943942
944405
946065
946103
946303
946618
947073
947319
947503
947979
948231
948265
948852
949210
949654
949882
949884
950359
950438
951501
951966
952094
952268
952284
952292
952401
952591
952736
952781
953080
953377
953997
954209
954363
954370
954513
954517
955965
956004
956044
956318
956930
957026
957041
957079
957544
957582
957770
958032
958934
959100
959145
959167
959275
959480
959484
960013
960018
960250
960627
960873
961018
961260
961696
961812
962550
962792
962827
963094
963642
963657
963669
964389
964784
964969
965188
965429
965610
965725
965933
966305
966530
967262
967349
968266
968275
968487
968955
969030
969864
970030
970609
970672
970691
970755
970851
970933
971348
971667
972279
972509
972630
972687
973209
973307
973391
974146
974408
974681
975423
975775
975931
976037
976693
976727
976823
977741
977854
978142
978990
979372
979399
979551
979805
980387
980636
980717
980814
981464
981476
981554
981952
982607
982896
982978
983179
983346
983745
983776
984252
984360
984561
984566
984870
985047
985341
985401
985571
987445
988491
989017
990156
990353
990493
990641
991464
991904
992446
992568
992913
992938
993505
993610
993708
994035
994347
994410
995485
995618
996166
997025
997036
997080
997241
998017
998065
998775
999282
999655
