31
52
152
211
350
555
792
864
948
1286
1376
1416
1625
1669
1707
1842
1863
1864
1895
1896
2016
2024
2608
2644
2708
2950
3130
3146
3445
3530
3755
3891
4015
4165
4222
4245
4681
4799
4810
4818
4819
5057
5119
5164
5214
5245
5249
5262
5316
5538
5549
5592
5644
5685
5720
5801
5806
5974
6134
6286
6429
6642
6728
6742
6746
6847
6978
7021
7032
7152
7191
7356
7417
7426
7808
7852
7891
8098
8118
8156
8326
8332
8463
8627
8691
8725
8727
8815
8892
9184
9193
9225
9379
9387
9466
9519
9772
9792
9919
10064
10076
10100
10282
10430
10585
10659
10706
10775
10800
10826
10888
10929
11123
11186
11615
11616
11740
11745
11757
11769
11781
12150
12205
12278
12439
12478
12619
12723
12757
12943
13206
13508
13561
13818
13914
13922
14094
14124
14155
14187
14374
14394
14446
14494
14499
14523
14523
14537
14870
15008
15226
15304
15440
15683
15725
15803
15833
16095
16243
16352
16373
16437
16604
16857
16906
16982
17048
17050
17123
17244
17410
17536
17543
17753
17865
17945
17973
18032
18038
18043
18054
18292
18314
18366
18373
18389
18417
18491
18627
18718
18773
18803
18906
18924
19016
19067
19177
19183
19198
19433
19690
19709
19745
19777
19876
19906
20015
20072
20186
20240
20253
20510
20554
20556
20797
20838
21255
21439
21505
21508
21511
21540
21701
21722
21984
22035
22036
22274
22651
22667
22686
22694
22780
22812
22860
22996
23278
23361
23513
23640
23683
23908
24320
24384
24461
24536
24608
24793
24815
25235
25348
25654
25792
25938
26034
26074
26105
26165
26238
26338
26511
26540
26586
26675
26734
26787
26883
27066
27258
27693
27796
28011
28096
28466
28598
28604
28622
28712
28985
29209
29326
29331
29445
29514
29573
29575
29683
29710
29722
29836
29843
30013
30071
30143
30159
30360
30393
30403
30552
30600
30630
30748
30792
30793
30943
30971
31047
31082
31125
31126
31154
31174
31178
31756
32199
32412
32590
32638
32672
32711
32875
32995
33275
33320
33348
33350
33389
33400
33584
33622
33714
33720
33770
33957
34062
34318
34339
34535
34600
34626
34719
34777
34784
34802
34821
34852
34944
35154
35202
35231
35392
35517
35760
35893
36171
36220
36683
36801
36882
36901
36982
37135
37152
37231
37248
37275
37397
37584
37679
37938
37995
38039
38366
38378
38626
38643
38715
38921
38935
38980
39061
39154
39211
39217
39303
39317
39412
39478
39497
39709
39853
39883
40098
40303
40440
40449
40450
40481
40512
40667
40814
40933
40967
41098
41203
41482
41543
41733
41765
41898
42058
42070
42099
42314
42591
42628
42632
42706
42739
42878
42997
43006
43028
43126
43137
43174
43320
43324
43335
43556
43593
43633
43682
43716
43750
43839
43970
43996
44191
44325
44392
44502
44733
44795
44819
44877
44881
44965
45040
45293
45366
45521
45772
45781
45924
45978
46048
46157
46322
46333
46523
46791
46889
47110
47192
47192
47336
47373
47438
47652
47723
47735
48046
48169
48286
48337
48350
48377
48518
48598
48628
48732
48743
48879
49096
49101
49127
49156
49268
49302
49389
49412
49703
49930
49961
50057
50184
50343
50366
50432
50553
50623
50781
50854
50855
50943
51422
51506
51514
51651
51783
51940
52334
52353
52473
52477
52655
52665
52715
52842
52940
52967
53498
53792
53890
53955
54024
54027
54070
54071
54176
54250
54293
54419
54509
54632
54692
54782
55074
55431
55436
55520
56006
56026
56307
56491
56530
56559
56608
56632
56634
56734
57048
57052
57140
57230
57277
57591
57744
57899
57905
58105
58160
58162
58171
58185
58197
58426
58428
58524
58741
58778
58786
59148
59174
59297
59642
59651
59720
59867
60040
60088
60222
60225
60257
60354
60358
60368
60541
60696
60780
60825
61031
61043
61182
61388
61392
61571
61604
61727
61877
62003
62075
62348
62447
62542
62546
62640
62779
62847
62871
62929
62974
63017
63097
63217
63457
63682
63767
63787
63890
63944
64088
64356
64510
64639
64642
64704
64903
64945
65036
65103
65139
65201
65224
65311
65432
65460
65666
65675
65770
65992
66059
66205
66350
66368
66456
66573
66584
66648
66670
67184
67432
67764
67771
67803
67861
67956
68001
68065
68401
68445
68495
68504
68640
68692
68740
68742
68771
69045
69160
69187
69419
69456
69618
69821
69823
69883
69889
69989
69992
70021
70150
70254
70358
70400
70619
70659
70670
70819
70963
71053
71144
71174
71197
71228
71530
71622
71630
71632
71662
71683
71745
71887
71939
71969
72223
72386
72611
72905
72967
73177
73268
73273
73393
73394
73649
73665
73809
73829
73839
73843
74004
74057
74073
74183
74347
74347
74380
74402
74751
74906
75116
75140
75394
75575
75627
75641
75648
75650
75821
76064
76065
76192
76276
76342
76423
76474
76546
76560
76560
76716
76726
76759
76802
76843
76974
77061
77089
77305
77399
77536
77690
77944
77963
78037
78069
78276
78344
78411
78702
78712
78718
78880
78902
79017
79061
79068
79222
79267
79490
79502
79555
79731
79846
79941
80059
80158
80351
80436
80502
81062
81068
81072
81145
81433
81522
81641
81690
81761
81787
81795
81927
82202
82225
82236
82333
82339
82371
82632
82637
82752
82774
82865
82892
82950
82996
83108
83174
83214
83329
83457
83605
83722
83888
83919
84050
84143
84166
84197
84241
84303
84700
84736
84740
84838
85121
85164
85192
85607
85616
85700
85739
85829
85934
85946
86256
86472
86545
86568
86724
86921
86925
86925
87050
87087
87195
87199
87304
87507
87750
87754
87917
88038
88079
88343
88516
88614
88703
88725
88800
89252
89346
89448
89468
89559
89712
89719
89787
89892
90124
90608
90628
90642
90763
90810
90856
90909
90957
90962
91060
91101
91178
91417
91467
91473
91484
91599
91668
91830
91870
91897
91905
91985
92042
92415
92481
92525
92591
92632
92677
92689
92720
92876
92907
93036
93118
93180
93238
93383
93384
93485
93616
93624
93697
93767
93853
93886
94005
94167
94331
94340
94550
95035
95080
95228
95355
95370
95457
95563
95603
95822
95829
96494
96805
96861
96892
97159
97260
97270
97357
97412
97985
98003
98279
98290
98301
98364
98457
98508
98548
98591
98672
98768
98772
98844
98937
99120
99304
99467
99505
99609
99676
99762
99773
99794
99857
99886
99905
100057
100083
100100
100117
100171
100245
100284
100401
100448
100494
100541
100543
100677
100693
100729
100854
100996
101014
101037
101083
101245
101293
101332
101360
101500
101561
101607
101625
101782
101793
101836
102120
102133
102307
102449
102469
102525
102654
103002
103186
103256
103330
103376
103519
103682
103830
103872
104031
104119
104481
104599
104706
104746
104985
105129
105183
105282
105286
105293
105342
105532
105565
105565
105667
105797
105900
105950
105966
106003
106011
106126
106130
106156
106437
106512
106526
106846
106864
106967
107337
107741
107965
108002
108361
108459
108500
108650
109419
109585
109604
109628
109775
109843
110004
110140
110181
110199
110335
110414
110511
110539
110569
110667
110681
110752
110796
111053
111067
111195
111290
111441
111472
111560
111857
111877
112003
112190
112283
112328
112634
112727
112743
112808
112823
112849
112866
113029
113086
113157
113411
113682
113735
113880
113996
114251
114260
114417
114498
114573
114768
114818
114981
115161
115190
115215
115296
115322
115546
115558
115622
115624
115907
115924
115948
116207
116521
116631
116660
116676
116843
116907
117122
117266
117324
117339
117397
117578
117720
117807
117985
118023
118161
118176
118206
118209
118309
118663
118875
119041
119122
119203
119239
119250
119254
119256
119631
119721
119967
120006
120035
120051
120269
120302
120652
120751
120966
121014
121126
121333
121488
121501
121514
121518
121536
121617
121746
121816
121828
121936
122003
122015
122043
122062
122070
122070
122071
122166
122268
122272
122276
122284
122371
122422
122443
122663
122802
123076
123123
123140
123182
123233
123368
123655
123662
123695
123704
123733
123787
123873
123931
123970
124009
124071
124111
124185
124210
124350
124586
124720
124822
124917
125004
125069
125125
125141
125265
125321
125333
125355
125858
125885
125911
125963
126036
126154
126235
126242
126251
126263
126596
126629
126660
126787
126982
127084
127220
127285
127349
127376
127455
127514
127522
127712
127714
127779
127924
128096
128126
128559
128578
128681
128691
128728
128843
128929
128948
128949
128975
129002
129035
129134
129233
129268
129285
129385
129518
129558
129635
129697
129717
129900
130042
130259
130273
130299
130371
130648
130657
130874
131196
131275
131277
131418
131647
131704
131714
131737
131802
131951
132066
132314
132408
132476
132518
132581
132602
132687
132897
132944
133017
133021
133047
133203
133279
133296
133313
133374
133572
133821
133926
133933
134059
134235
134441
134491
134694
134707
135045
135061
135100
135148
135205
135532
135603
135777
135889
135984
136228
136337
136490
136604
136661
136781
136852
136888
136983
137017
137182
137324
137388
137391
137398
137486
137685
137722
137818
137848
138064
138089
138181
138260
138279
138430
138559
138573
138683
138690
138713
138949
139229
139269
139332
139691
139747
139768
139846
139860
139863
140045
140236
140248
140327
140348
140435
140498
141000
141006
141299
141314
141423
141494
141508
141588
141645
141668
142065
142154
142360
142366
142471
142574
142646
142775
142778
142884
142888
142970
142975
143023
143047
143079
143129
143211
143258
143260
143298
143306
143357
143503
143505
143610
143634
143852
143854
144021
144111
144240
144518
144755
144923
145034
145048
145130
145194
145387
145427
145510
145652
145664
145732
145846
145985
146019
146120
146268
146382
146582
146887
147069
147213
147254
147295
147345
147394
147637
147670
148045
148046
148184
148191
148208
148299
148346
148383
148585
148719
148810
149113
149125
149179
149244
149437
149624
149652
149664
149670
149836
149884
149911
150044
150088
150145
150173
150398
150524
150900
150977
151020
151132
151158
151552
151635
151718
151763
151768
151859
151975
152080
152148
152168
152452
152847
152931
153079
153131
153159
153181
153288
153484
153586
153655
153668
153724
153761
153824
153910
153941
153969
154125
154138
154243
154366
154542
154702
154783
154786
154912
154913
154938
154944
155010
155052
155364
155365
155389
155437
155464
155479
155706
156228
156235
156585
156659
156691
156707
156920
157050
157071
157096
157374
157390
157394
157449
157549
157958
158037
158064
158273
158274
158288
158409
158416
158527
158558
158572
158617
159001
159032
159182
159224
159262
159286
159635
159637
159913
160013
160015
160047
160111
160264
160316
160382
160411
160424
160537
160715
160726
160835
160943
161084
161086
161247
161291
161410
161524
161623
161646
161672
161764
162261
162360
162395
162743
163510
163516
163636
163664
163736
163751
163825
163862
164002
164009
164150
164386
164404
164597
164614
164641
164960
165067
165165
165271
165274
165386
165447
165580
165648
165763
165865
165894
165946
165952
165968
166025
166141
166446
166509
166569
166695
167407
167514
167516
167600
167641
167645
167808
167917
168053
168110
168210
168290
168360
168389
168588
168732
168838
168901
168908
169025
169030
169043
169054
169090
169113
169129
169290
169303
169391
169523
169523
169566
169657
169697
169755
169807
169841
169884
169910
169913
169926
170081
170177
170228
170401
170668
170787
170816
170882
170974
171107
171180
171284
171408
171539
171863
171984
172265
172315
172440
172644
172721
172729
172803
172804
172968
173126
173141
173234
173614
173747
173861
173949
174130
174138
174157
174191
174398
174611
174639
174660
174801
174839
174870
174935
174945
174979
175250
175277
175304
175403
175465
175538
175607
175671
175689
175735
175767
175773
175906
175922
176025
176208
176276
176391
176497
176625
176664
176815
177072
177284
177338
177340
177540
177544
177557
177778
177803
177835
177861
178503
178768
178803
178863
178877
178890
178906
179044
179117
179198
179353
179500
179526
179681
179706
179920
179940
180171
180242
180433
180439
180440
180505
180635
180677
180743
180781
180906
180980
180996
181094
181331
181358
181384
181557
181683
181866
182002
182002
182084
182142
182156
182163
182183
182187
182230
182424
182913
182943
182986
183040
183236
183302
183339
183516
183882
183894
183895
183923
184021
184241
184401
184454
184596
184681
184710
184783
184880
185021
185026
185423
185614
185686
185707
185726
185803
185960
186111
186141
186521
186555
186569
186678
186700
186742
186909
187093
187108
187172
187180
187234
187257
187321
187451
187536
187630
187655
187674
187702
187815
187888
187975
188033
188088
188106
188182
188238
188269
188340
188494
188858
188916
188968
188984
189089
189158
189290
189355
189507
189729
189942
190028
190161
190194
190196
190211
190559
190683
190814
190861
190871
190882
190977
191024
191137
191537
191708
191719
191899
191934
191945
192026
192054
192075
192076
192098
192256
192294
192400
192409
192561
192819
193362
193416
193498
193510
193632
193660
193714
193728
193817
193978
194013
194314
194330
194504
194524
194580
194755
194837
194934
194955
195106
195284
195320
195471
195492
195545
195616
195626
195652
195667
195706
195731
195915
196137
196265
196305
196389
196501
196700
196833
197144
197156
197249
197576
197715
197823
197929
197974
197987
198680
198718
198823
199199
199584
199590
199695
199807
199971
200292
200330
200387
200512
200538
200592
200618
200700
200723
200871
200890
201012
201027
201500
201828
201987
202084
202101
202260
202391
202499
202701
202740
202788
202961
203143
203180
203220
203265
203279
203294
203336
203406
203450
203527
203611
203846
203861
203916
203945
203999
204201
204254
204381
204430
204512
204620
204787
204832
204853
205076
205387
205400
205506
205703
205723
205751
205753
205990
206298
206339
206506
206565
206683
206700
206778
206779
206781
206791
206878
207039
207099
207467
207571
207599
207613
207789
207802
207919
208002
208024
208145
208150
208728
208824
208834
208889
209181
209276
209391
209392
209787
209852
210130
210193
210238
210392
210436
210686
210690
211047
211144
211297
211332
211389
211412
211571
211682
211790
211834
211909
212169
212206
212242
212264
212281
212344
212417
212424
212472
212518
212674
212724
212796
213049
213080
213136
213250
213296
213305
213418
213494
213659
213773
214252
214266
214445
214783
214809
214878
215088
215257
215303
215410
216039
216070
216160
216446
216490
216547
216686
216740
217091
217102
217177
217356
217581
217823
217973
217992
218003
218037
218119
218157
218250
218445
218536
218542
218560
218646
218811
219101
219179
219475
219479
219574
219728
219731
219768
219811
220016
220092
220270
220368
220428
220534
220567
220659
220811
220833
221048
221104
221153
221179
221284
221337
221361
221385
221403
221438
221454
221841
222502
222535
222760
222848
222975
222979
223124
223384
223656
223682
223757
223764
223956
223965
224002
224052
224227
224351
224692
224800
224901
225020
225043
225329
225403
225810
225944
226049
226084
226303
226390
226472
226774
227027
227043
227227
227327
227397
227457
227543
227638
227678
228158
228210
228221
228293
228398
228431
228468
228630
228653
228660
228821
228854
228927
229025
229118
229572
229594
229602
229662
229752
229760
229884
229894
229965
230047
230086
230156
230216
230453
230498
230618
230649
230905
231070
231084
231173
231243
231322
231407
231422
231802
231911
231911
232125
232354
232432
232437
232595
232625
232665
232803
232947
233020
233214
233286
233636
233729
233857
233938
233978
233978
234001
234006
234612
234723
234738
234750
234990
235025
235178
235193
235224
235273
235302
235354
235515
235611
236134
236150
236155
236190
236258
236327
236485
236569
236659
236721
237066
237303
237313
237322
237342
237354
237401
237460
237488
237812
237828
237859
237893
238204
238228
238308
238427
238448
238531
238569
238909
239367
239598
239666
239672
239700
239711
239721
239742
239756
239776
239982
240124
240308
240468
240550
240555
240584
240670
240757
240774
240785
240806
240825
240949
240983
241005
241088
241172
241221
241249
241268
241271
241526
241581
241594
241683
241693
241749
241763
241791
241836
242007
242104
242444
242732
242867
243102
243120
243231
243255
243394
243415
243607
243650
243697
243794
243901
243986
243992
244288
244352
244687
244740
244749
244771
244809
244818
244975
245013
245099
245122
245216
245339
245352
245370
245542
245614
245846
245848
246040
246057
246132
246145
246317
246338
246397
246531
246560
246587
246612
246626
246770
246774
247260
247278
247341
247993
248085
248126
248159
248361
248528
248642
248707
248767
248800
248892
249057
249159
249290
249448
249503
249516
249554
249604
249723
249866
249947
250015
250127
250418
250428
250490
250527
250698
250757
250851
250872
250893
250896
250914
250916
250955
251068
251161
251187
251287
251332
251554
251797
251882
251958
252034
252166
252188
252245
252352
252620
252960
253008
253174
253194
253197
253315
253357
253381
253514
253580
253595
253681
253722
253818
253825
253991
254029
254030
254072
254102
254250
254270
254344
254559
254850
254868
255102
255115
255215
255428
255911
255955
256030
256166
256221
256225
256235
256430
256439
256470
256581
256800
256841
256847
256945
256978
257277
257409
257487
257695
257823
257915
258029
258049
258085
258102
258339
258427
258431
258441
258529
258724
258748
258976
259347
259473
259596
259647
259808
259866
260517
260606
260833
260986
261040
261118
261250
261589
261612
261716
261762
261770
261909
261936
262158
262160
262189
262297
262382
262563
262589
262612
262782
262786
263235
263461
263518
263538
263550
263624
263660
263685
263775
263783
263894
263931
264162
264194
264358
264518
264683
264698
264804
264809
264825
265126
265222
265381
265507
265799
266035
266523
266530
266585
266617
266839
266955
266961
267262
267354
267798
267851
267976
268119
268437
268458
268679
268804
268843
269411
270000
270005
270100
270108
270122
270285
270323
270411
270509
270600
270621
270855
270869
270941
270947
270976
270994
271151
271286
271289
271333
271439
271511
271545
271549
271720
271757
272161
272436
272617
272761
272812
272876
272927
272932
272972
272984
272991
272997
273095
273144
273178
273188
273244
273298
273541
273541
273556
273680
273699
273714
273715
273775
273806
274113
274157
274195
274246
274407
274424
274769
274859
274893
275181
275287
275315
275353
275403
275472
275477
275484
275577
275710
275718
275844
275887
275893
275964
276017
276066
276067
276117
276156
276451
276575
276695
276801
277013
277081
277101
277314
277366
277598
277624
277759
277834
277987
278000
278267
278363
278440
278521
278540
278541
278669
278731
278974
279065
279280
279339
279349
279398
279438
279535
279694
279803
279910
280162
280399
280483
280501
280526
280570
280580
280708
280713
280727
280820
280857
280873
280988
281191
281540
281681
281761
281817
281820
281901
282241
282478
282703
282768
282853
282949
283014
283018
283030
283061
283305
283354
283516
283665
283792
283842
283979
284028
284073
284075
284095
284121
284179
284245
284247
284279
284393
284460
284591
284599
284646
284669
284676
284831
284887
285032
285045
285194
285238
285245
285259
285317
285380
285735
285791
285844
285877
285982
286062
286108
286352
286379
286445
286447
286453
286764
286858
286909
287258
287709
287739
287784
287983
288089
288170
288225
288226
288239
288291
288392
288421
288438
288521
288717
288750
288863
288916
289223
289449
289493
289504
289535
289560
289627
289799
289941
290017
290286
290321
290347
290364
290626
290682
290735
290980
291118
291185
291193
291341
291381
291394
291487
291541
291614
291647
291714
291869
291947
291978
292186
292288
292493
292541
292835
292891
293031
293339
293581
293585
293603
293708
293784
293966
293968
293973
294032
294223
294324
294507
294712
294864
295108
295206
295298
295317
295445
295468
295508
295524
296044
296101
296433
296616
296692
296717
296727
296825
296831
296894
297005
297088
297185
297368
297565
297606
297637
297660
297679
297679
297784
297816
297846
297920
297958
298007
298244
298330
298356
298557
298629
298656
298751
298852
298857
298943
299041
299050
299061
299102
299306
299786
300053
300074
300233
300479
300666
300694
300914
301158
301335
301388
301605
301612
301755
302096
302177
302499
302580
302587
302608
302621
302666
302714
302799
303028
303152
303229
303259
303277
303290
303329
303445
303497
303536
303749
303806
303811
303834
303922
303953
304087
304098
304115
304169
304189
304555
304561
304583
304589
304689
304915
305068
305131
305596
305645
305646
305713
305837
305935
306196
306233
306234
306499
306723
306772
306786
306825
307131
307197
307700
307904
307919
308142
308159
308162
308175
308293
308577
308580
308655
308816
308898
308906
308913
308950
308961
308965
309317
309415
309424
309460
309598
309681
310121
310272
310374
310400
310637
310704
310822
310830
310893
310923
311167
311324
311415
311466
311474
311496
311511
311533
311594
311718
311755
311762
311814
311822
311832
311880
311973
312464
312540
312747
312887
312950
313064
313232
313347
313353
313401
313406
313422
313494
313506
313526
313579
313632
313641
313853
313895
314012
314044
314081
314104
314161
314362
314426
314665
314667
314727
314784
314789
314818
314822
315055
315139
315288
315442
315444
315697
315781
315922
316199
316341
316365
316554
316599
316600
316614
316632
316983
317016
317196
317213
317236
317240
317277
317399
317456
317501
317661
317713
317762
317782
317838
317919
317971
318052
318080
318151
318182
318228
318274
318437
318480
318582
318585
318697
318729
318808
318989
318998
319024
319027
319053
319176
319198
319228
319461
319590
319607
319802
320056
320150
320164
320252
320380
320430
320544
320635
320731
320782
321012
321084
321100
321338
321380
321466
321506
321551
321591
321703
321742
321831
321844
322012
322293
322345
322402
322698
322754
322795
322799
322832
322835
322919
322974
322981
323016
323095
323332
323386
323439
323504
323602
323726
323731
324024
324287
324471
324565
324697
324947
325022
325122
325303
325312
325489
325567
325603
325631
325720
325803
325881
325932
326254
326339
326397
326687
326735
326930
326935
326936
326998
327205
327249
327254
327314
327351
327362
327377
327755
327778
327803
327834
327937
328049
328209
328220
328488
328647
328902
328908
328956
329123
329171
329191
329550
329584
329614
329650
329743
329756
329867
329876
330068
330194
330295
330311
330354
330381
330479
330597
330778
331005
331064
331326
331333
331461
331515
331709
331738
331767
331923
331933
332051
332207
332254
332300
332336
332359
332386
332614
332636
333186
333309
333371
333394
333579
333590
333595
333601
333664
333670
333706
333764
333835
333857
333944
334175
334189
334374
334375
334449
334540
334652
334689
334689
334727
334778
334787
334796
334886
335039
335139
335412
335496
335552
335559
335585
335625
335681
335683
335810
335846
335892
336052
336132
336535
336628
336823
337130
337191
337240
337301
337381
337404
337435
337581
337764
337819
337931
337938
338001
338242
338243
338260
338320
338519
338553
338690
338922
338984
339434
339545
339648
339786
339887
339969
340063
340109
340134
340139
340240
340379
340389
340421
340465
340480
340506
340961
340976
341047
341188
341197
341198
341216
341291
341385
341501
341596
341715
341849
341956
342030
342077
342197
342315
342326
342392
342406
342443
342556
342561
342691
342744
342784
342800
342875
343046
343131
343283
343290
343359
343783
343874
343886
343987
344029
344088
344120
344237
344246
344294
344315
344660
344702
344730
344910
344968
345007
345015
345018
345380
345448
345650
345781
345868
346321
346387
346547
346885
346909
347272
347461
347589
347616
347626
347864
348241
348286
348335
348482
348640
348741
348926
349219
349268
349291
349405
349430
349468
349925
349932
350002
350123
350157
350175
350198
350357
350519
350530
350537
350708
350997
351022
351249
351291
351316
351341
351361
351403
351490
351519
351560
351580
351584
351741
351903
351927
352040
352048
352430
352523
352672
352820
352975
353073
353180
353309
353506
353511
353963
354179
354333
354339
354573
354933
354968
355058
355201
355339
355385
355523
355609
355727
355802
355962
355971
356095
356122
356183
356190
356332
356351
356584
356725
356781
356900
356927
356935
357037
357052
357106
357150
357304
357494
357738
357740
357932
357969
358046
358063
358067
358136
358163
358224
358309
358494
358526
358633
358853
358908
358941
359479
359489
359584
359603
359751
359865
359955
360037
360101
360153
360441
360891
360896
360992
361029
361047
361066
361236
361268
361318
361388
361407
361445
361548
361936
362021
362163
362246
362560
362591
362595
362602
362660
362903
363064
363327
363440
363476
363486
363660
363724
363745
363844
363972
364059
364532
364622
364708
364923
365016
365053
365097
365203
365264
365330
365330
365376
365536
365552
365660
365677
365963
366120
366213
366325
366349
366377
366521
366608
366830
367038
367079
367122
367183
367190
367390
367588
367608
367684
367691
367723
367748
367780
367832
368082
368242
368373
368488
368506
368535
368581
368753
368997
369144
369194
369205
369256
369274
369477
369537
369551
369829
369856
370106
370254
370372
370538
370561
370611
370629
370638
371069
371102
371304
371395
371397
371459
371524
371677
371863
371989
371996
372096
372303
372334
372554
372702
372726
372883
372941
373111
373297
373315
373354
373527
373537
373577
373685
373792
373839
373914
374005
374348
374431
374566
374626
374735
374743
374745
374927
374978
374986
375023
375163
375192
375543
375546
375690
375693
375715
375888
375904
375918
376067
376124
376362
376369
376455
376500
376525
376681
376866
377025
377121
377286
377334
377506
377681
377755
377883
377951
378143
378156
378186
378247
378285
378409
378612
378753
378818
378922
378925
379001
379126
379618
379644
379741
379779
379803
379811
379928
379942
379966
380012
380287
380386
380546
380631
380812
380876
380971
381096
381116
381328
381383
381401
381498
381513
381541
381545
381639
381659
381825
381944
382166
382416
382431
382614
382758
382766
382797
383023
383105
383127
383175
383258
383263
383269
383387
383423
383577
383609
383739
383787
383794
383811
383876
383933
384158
384162
384171
384598
384799
384879
384974
385069
385130
385240
385335
385365
385368
385739
386076
386146
386237
386429
386432
386549
386662
386721
386724
386792
386877
386950
386990
387071
387077
387091
387340
387413
387555
387560
387617
388107
388163
388334
388335
388351
388383
388469
388619
388733
388901
388939
389068
389083
389101
389187
389340
389452
389503
389575
389593
389628
389645
389823
389991
390046
390070
390107
390399
390542
390570
390730
391468
391578
391659
391689
391880
391907
392252
392342
392367
392394
392410
392431
392682
392896
392940
393048
393117
393189
393208
393393
393433
393564
393592
393714
393828
393880
393916
394106
394259
394530
394672
394752
394758
394792
394812
395102
395210
395244
395273
395438
395467
395484
395544
395704
395712
395777
395810
396185
396196
396205
396290
396529
396726
396902
397155
397384
397439
397498
397625
397641
397769
397774
397806
397898
397960
397983
397989
398016
398071
398266
398470
398491
398752
398889
398893
398973
399262
399382
399487
399639
399829
399983
399989
400024
400043
400077
400212
400231
400251
400360
400408
400427
400469
400556
400675
400810
400939
400970
401182
401235
401409
401516
401574
401592
401638
401770
401838
401913
401979
402058
402249
402279
402286
402305
402320
402415
402448
402553
402565
402808
402941
402990
403134
403141
403448
403472
403493
403517
403531
403557
403566
403628
403630
403646
403704
403807
403914
403950
404015
404036
404051
404123
404173
404206
404451
404470
404555
404851
405078
405116
405189
405203
405206
405219
405230
405423
405573
405668
405691
405719
405840
406125
406125
406228
406271
406295
406370
406437
406466
406513
406526
406697
406738
406744
406750
406782
406801
406882
406917
407095
407188
407257
407476
407695
407721
407944
408005
408160
408167
408382
408565
408669
408784
408853
409021
409286
409296
409298
409348
409350
409368
409489
409913
409930
410091
410116
410331
410333
410446
410523
410600
410611
410764
410804
411014
411088
411146
411356
411434
411457
411460
411496
411540
411660
411695
411770
411815
411830
411859
411900
411904
411937
412071
412084
412150
412368
412478
412517
412607
412682
412719
412738
412962
413188
413283
413306
413371
413386
413429
413555
413643
413720
414158
414225
414258
414331
414341
414357
414536
414679
414772
414833
414998
415017
415043
415055
415113
415372
415412
415432
415506
415562
415588
415631
415731
415791
415825
415885
415945
416030
416092
416159
416187
416302
416325
416427
416471
416493
416493
416879
416935
416968
417037
417272
417327
417406
417418
417520
417531
417890
417927
418040
418345
418538
418640
418645
418719
418791
418820
418907
419050
419352
419500
419558
419646
419661
419787
420083
420105
420130
420184
420209
420321
420375
420385
420425
420612
420730
420970
421150
421408
421450
421483
421806
422042
422072
422623
422787
422859
422883
423004
423009
423216
423467
423467
423648
423754
424021
424090
424142
424201
424513
424523
424576
424638
424736
424852
425146
425283
425301
425308
425513
425530
425589
425661
425809
425853
425912
426016
426107
426116
426171
426309
426792
426933
427353
427358
427371
427395
427506
427537
427616
427722
427728
427790
427962
427991
428035
428068
428213
428259
428280
428325
428525
428674
428716
428824
428952
429038
429122
429185
429192
429257
429309
429336
429437
429442
429518
429532
429753
429772
430121
430446
430465
430690
430748
430815
430862
431193
431352
431553
431642
431730
431828
431871
432025
432047
432059
432329
432591
432640
432641
432711
432739
432803
432957
432961
433066
433327
433382
433410
433439
433614
433715
433871
434066
434245
434251
434253
434320
434329
434360
434510
434533
434536
434578
434889
435002
435016
435224
435238
435251
435359
435440
435733
436185
436236
436323
436340
436356
436427
436448
436528
436537
436582
436857
436938
437051
437359
437381
437417
437454
437719
437881
438168
438177
438202
438324
438407
438460
438496
438507
438642
438687
438824
438860
438941
438992
439054
439068
439114
439143
439439
439440
439734
439745
439805
439845
439849
439916
439964
440017
440129
440224
440383
440422
440545
440554
440555
440562
440610
440756
440894
440999
441123
441282
441371
441383
441383
441390
441505
441648
441709
441748
441756
441801
442022
442052
442082
442098
442288
442396
442400
442662
442855
442938
442951
442985
443026
443090
443280
443418
443486
443518
443654
443914
444111
444237
444399
444597
445048
445188
445410
445427
445464
445864
445878
445977
446025
446047
446476
446642
446646
446742
446771
446828
446933
446988
447006
447362
447441
447442
447468
447536
447886
447943
447971
448301
448508
448565
448609
448660
448982
449164
449195
449263
449269
449295
449648
449814
450056
450204
450371
450466
450530
450638
450749
450815
450828
450831
450912
450942
450980
451231
451256
451376
451771
451797
451867
451879
452167
452190
452256
452325
452355
452358
452502
452679
452803
452838
452850
452916
452969
453008
453111
453127
453185
453276
453288
453411
453437
453519
453523
453555
453609
453742
453764
453791
454145
454156
454194
454253
454284
454301
454307
454373
454404
454636
454660
454794
454891
454969
455029
455105
455260
455430
455477
455654
455681
455800
456125
456242
456272
456316
456363
456415
456435
456590
456766
456781
456814
457106
457685
457696
457745
457954
457968
457978
458223
458325
458337
458449
458626
458658
458673
458740
458821
458830
458861
458953
458997
459009
459100
459138
459224
459229
459301
459539
459611
459617
459619
459669
459794
459891
460101
460148
460367
460375
460639
460745
460975
460980
461002
461025
461404
461461
461547
461612
461674
461690
461713
461829
461909
462200
462213
462252
462365
462367
462612
462724
462831
463019
463043
463052
463358
463721
463773
463798
464008
464109
464178
464408
464624
464637
464738
465037
465308
465562
465565
465972
466205
466281
466335
466340
466441
466504
466584
466597
466613
466656
466673
467087
467158
467256
467351
467583
467708
467760
467953
468313
468410
468556
468807
468933
469045
469306
469362
469431
469775
470046
470048
470186
470357
470398
470540
470601
470702
470709
470757
470873
470909
470912
471024
471098
471166
471169
471235
471350
471382
471430
471444
471579
471639
471773
471861
471880
472121
472200
472378
472392
472491
472505
472556
472660
472701
472848
472901
472977
472999
473180
473185
473305
473315
473518
473544
473580
473582
473767
473799
473953
473977
474035
474214
474249
474320
474389
474452
474466
474467
474471
474475
474559
474573
474614
474683
474735
474757
474891
475072
475095
475108
475114
475246
475276
475301
475411
475468
475523
475537
475598
475633
475650
475661
475705
475851
475878
475974
476080
476564
476609
476654
476688
476742
476872
477145
477189
477327
477504
477539
477588
477606
477851
477885
478165
478181
478255
478294
478495
478682
478876
478925
478937
479007
479009
479079
479111
479283
479479
479551
479553
479575
479600
479681
479851
479935
479987
480051
480187
480225
480236
480350
480514
480554
480584
480616
480648
480907
480931
481010
481160
481835
481882
481937
482058
482079
482092
482277
482359
482383
482529
482688
482796
482959
482984
483032
483034
483090
483179
483210
483261
483589
483736
483912
483966
484069
484295
484444
484448
484717
484969
485115
485210
485308
485440
485710
485761
485778
485814
485901
486149
486159
486180
486299
486306
486357
486446
486532
486597
486868
486897
486908
487010
487041
487114
487158
487228
487354
487415
487456
487656
487780
487856
488018
488161
488306
488463
488675
488677
488739
488986
489091
489125
489303
489375
489541
489663
489767
489790
489883
489964
490013
490054
490089
490149
490192
490359
490441
490702
490776
490776
490922
491091
491344
491349
491369
491386
491468
491720
491747
491794
491850
491988
492013
492132
492174
492486
492489
492543
492708
492840
492843
492988
493070
493137
493271
493462
493522
493524
493642
493675
493708
493991
494035
494136
494139
494283
494289
494494
494597
494689
494727
494839
494865
495111
495159
495199
495280
495439
495491
495654
495770
495818
496014
496143
496160
496219
496397
496561
496585
496712
496841
496842
496942
497179
497227
497290
497301
497373
497380
497444
497798
497908
498149
498352
498477
498576
498648
498763
498792
498886
499168
499525
499548
499801
499917
499994
500023
500119
500178
500236
500253
500328
500455
500878
501283
501407
501448
501534
501636
501759
501853
501953
502207
502280
502406
502422
502471
502529
502531
502646
502653
502716
502716
502793
502934
503050
503314
503459
503640
503647
503783
503877
503892
503951
504224
504504
504590
504617
504641
504724
504857
504858
504862
504908
505012
505313
505378
505424
505515
505556
505615
505887
505987
506165
506245
506593
506701
506719
506756
506910
507031
507098
507299
507366
507467
507523
507526
507622
507780
508289
508344
508521
508579
508834
508863
509253
509292
509421
509514
509545
509624
509644
509659
509882
509959
510012
510020
510020
510047
510089
510178
510205
510258
510382
510464
510485
510490
510549
510958
511191
511337
511537
511573
511591
511747
511773
511936
511990
512008
512084
512116
512149
512185
512347
512425
512691
512728
512795
513111
513164
513465
513482
513538
513544
513598
513948
514005
514401
514542
514550
514566
514742
514784
515066
515356
515356
515497
515657
515766
515796
515902
515957
515983
516140
516261
516326
516457
516482
516707
516813
516855
516962
517110
517349
517351
517513
517531
517625
517669
517745
518154
518557
518583
518598
518769
518843
518909
518933
518974
519174
519235
519569
519679
519763
519998
520018
520241
520301
520310
520833
521016
521122
521141
521165
521292
521307
521511
521534
521625
521831
522003
522235
522240
522270
522371
522393
522458
522491
522556
522640
522932
523024
523129
523202
523259
523450
523618
523623
523651
523728
523737
523882
523967
524098
524224
524264
524444
524514
524533
524554
524715
524733
524750
524820
525015
525129
525206
525250
525262
525287
525312
525356
525424
525561
525847
525858
526075
526256
526274
526275
526286
526442
526756
526906
526909
527051
527152
527189
527327
527548
527698
527724
527754
527823
527850
527942
528143
528155
528244
528272
528369
528460
528482
528489
528512
528941
529101
529102
529280
529623
529962
529972
529987
530048
530307
530346
530360
530490
530495
530749
530804
530809
530815
530953
531036
531144
531474
531501
531607
531815
531857
531885
532211
532345
532441
532528
532774
532806
532954
533001
533014
533035
533060
533088
533101
533177
533200
533483
533740
534136
534337
534373
534402
534453
534659
534662
534670
534728
534778
535296
535319
535417
535451
535529
535564
535744
536105
536129
536158
536207
536324
536327
536346
536418
536432
536487
536684
536930
536933
536954
537128
537186
537215
537222
537242
537305
537305
537368
537408
537431
537440
537590
537795
537856
537909
537965
537993
537999
538220
538221
538228
538447
538478
538480
538493
538593
538634
538689
538747
538774
538845
538845
538846
538939
538956
539125
539135
539221
539392
539449
539741
539769
539810
540011
540261
540290
540316
540334
540379
540482
540675
540758
540761
540810
541016
541033
541040
541109
541186
541547
541647
541702
541707
541769
541864
541959
542026
542169
542411
542657
542672
542854
542893
542928
543090
543090
543223
543323
543436
543559
543671
543716
543773
543848
544008
544106
544125
544156
544187
544267
544604
544844
544904
544959
545015
545363
545377
545657
545679
545701
545739
545766
545867
546005
546174
546299
546349
546353
546391
546414
546462
546466
546602
546645
546868
547199
547237
547261
547372
547849
547902
547960
548001
548113
548197
548293
548472
548540
548683
548809
548925
549471
549669
549780
549812
549815
549870
550342
550387
550388
550496
550598
550635
550666
550673
550903
551109
551130
551301
551561
551650
551827
551828
552207
552232
552304
552352
552653
552661
552683
552852
552861
553035
553123
553158
553289
553325
553405
553408
553475
553483
553538
553740
553837
553935
554076
554162
554218
554377
554409
554478
554528
554599
554659
554707
555040
555122
555180
555264
555366
555454
555606
555614
555967
556020
556052
556474
556515
556675
556691
556745
556887
556926
556939
557205
557389
557393
557440
557462
557564
557892
557977
558732
558759
558763
558796
558851
559369
559418
559620
559629
559641
559803
559822
559835
559865
560081
560266
560286
560335
560407
560444
560491
560665
560721
560792
560880
560882
560887
561160
561400
561457
561462
561556
561579
561748
561799
561921
561964
561978
562042
562220
562239
562323
562336
562551
562806
562923
563031
563147
563391
563688
563833
563913
564014
564221
564288
564322
564377
564456
564599
564747
564857
564893
565129
565342
565404
565495
565503
565532
565562
565629
565867
565919
565923
566167
566341
566425
566520
566595
566746
566852
566899
566948
566970
567016
567124
567209
567339
567372
567585
568023
568036
568080
568116
568198
568453
568502
568550
568684
568722
568792
568807
568895
569016
569074
569157
569475
569497
569501
569502
569604
569698
569708
569777
569855
570020
570059
570082
570128
570353
570443
570503
570522
570538
570547
570673
570676
570835
570960
570961
571061
571218
571507
571734
571818
572022
572031
572232
572549
572595
572688
572918
572932
572973
572992
573086
573206
573219
573320
573542
573552
573690
573755
573920
573934
573951
573980
574268
574275
574334
574458
574596
574682
574683
574862
574910
575041
575047
575118
575402
575526
575678
575752
575895
575937
576128
576155
576276
576302
576530
576614
576710
576735
576783
576893
576937
577141
577220
577233
577333
577403
577500
577528
577583
577588
577704
577832
577867
577901
577998
578140
578188
578190
578299
578477
578618
578705
578734
578763
578804
578900
578949
578965
579286
579309
579618
579672
579790
579974
579992
580223
580245
580651
580657
580662
580791
581107
581115
581130
581205
581338
581375
581415
581488
581502
581633
581694
581694
581782
581785
582024
582410
582430
582448
582458
582483
582613
582658
582672
582737
582739
582752
582793
582848
582874
583113
583199
583230
583243
583334
583334
583378
583420
583479
583534
583656
583717
583742
583830
584287
584384
584405
584623
584637
584832
585232
585238
585565
585734
585762
585764
586128
586608
586777
586787
586797
586854
586863
586918
587231
587385
587466
587612
587759
587987
588009
588009
588109
588159
588342
588358
588469
588584
588706
588832
588880
588945
588956
589119
589150
589309
589507
589617
589636
589666
589667
589752
589800
589909
590370
590378
590546
590656
590661
590787
590793
590872
591073
591088
591252
591293
591318
591319
591373
591402
591491
591975
592101
592120
592247
592293
592510
592824
592860
592891
592976
593022
593224
593325
593432
593656
593970
594110
594275
594332
594357
594364
594607
594609
594656
594854
594879
594960
595038
595219
595260
595514
595692
595920
596351
596414
596519
596656
596700
596795
596959
597026
597069
597110
597186
597191
597308
597327
597371
597479
597480
597534
597539
597696
597840
597968
597972
598028
598166
598194
598355
598425
598606
598608
598634
598667
598692
598726
598768
598877
598877
598956
599001
599045
599065
599199
599340
599359
599363
599364
599372
599464
599641
599769
599810
600084
600173
600300
600535
600640
600823
600948
601132
601172
601312
601491
601612
601716
601826
601968
602111
602194
602204
602275
602353
602416
602486
602531
602628
602678
602911
602940
603059
603076
603104
603141
603293
603319
603646
603684
603892
603954
604093
604119
604412
604416
604492
604508
604545
604564
604615
604944
605081
605139
605257
605393
605442
605541
605659
605963
606073
606172
606215
606230
606241
606264
606316
606395
606440
606725
606913
606919
606944
606966
606971
607003
607203
607254
607335
607364
607373
607387
607539
607643
607651
607679
607718
607805
607856
608038
608082
608143
608244
608670
608786
608837
608875
609167
609269
609530
609583
609642
609790
609821
609866
609885
610178
610246
610340
610412
610415
610426
610534
610591
610684
610954
610965
611033
611040
611060
611077
611303
611340
611380
611482
611601
611628
611669
611925
612047
612113
612301
612306
612510
612861
612945
613005
613006
613174
613207
613293
613314
613315
613321
613335
613373
613654
613695
613706
613808
613977
613984
614002
614329
614341
614408
614416
614518
614561
614640
614640
614643
614894
614934
615079
615124
615152
615436
615447
615472
615584
615619
615669
615677
615680
615735
615892
615965
616017
616352
616444
616455
616500
616547
616665
616785
616875
616984
617066
617487
617542
617589
617620
617651
617669
617810
617981
618117
618209
618333
618340
618508
618544
618772
618780
618929
618949
618960
618995
619013
619025
619170
619171
619244
619420
619624
619731
619747
619776
619887
619897
619998
620119
620133
620440
620482
620586
620651
620863
620886
620934
621052
621333
621440
621474
621565
621714
621773
621817
621906
621947
622210
622638
622651
622757
622830
623006
623157
623211
623423
623501
623509
623525
623628
623794
624047
624317
624447
624509
624698
624700
624976
624993
625260
625382
625460
625498
625527
625553
625584
625928
626031
626057
626193
626261
626346
626392
626518
626749
626762
626788
626867
626874
626892
626927
626929
626959
627192
627217
627373
627601
627911
627965
628065
628081
628254
628344
628367
628411
628505
628541
628578
628578
628750
628809
628815
628828
628999
629009
629029
629032
629192
629274
629311
629611
629630
629644
629677
629749
629780
629819
630159
630171
630183
630189
630393
630443
630480
630887
631052
631306
631528
631537
631590
631649
631669
631695
631903
632024
632233
632298
632439
632720
632816
632838
632956
632979
633025
633027
633044
633079
633289
633379
633405
633603
633789
634208
634446
634571
634646
634738
634821
634861
634909
634927
634992
635196
635231
635243
635275
635282
635401
635418
635428
635453
635542
635586
635620
635664
635683
635754
635786
635804
635820
636092
636097
636120
636327
636341
636363
636396
636449
636610
636716
636815
636873
637081
637379
637384
637507
638012
638023
638191
638218
638477
638580
638762
638795
638800
638816
638857
638949
639036
639114
639192
639229
639306
639398
639407
639854
639920
640127
640174
640198
640298
640505
640528
640573
640589
640599
640627
640757
640771
640772
640979
641066
641471
641561
641647
641706
641796
641917
641940
641966
641979
642028
642111
642141
642199
642266
642303
642464
642465
642492
642516
642530
642544
642566
643098
643104
643109
643236
643270
643496
643502
643518
643591
643637
643953
644025
644159
644175
644181
644244
644554
644648
644684
644827
644870
644894
644914
645003
645063
645212
645220
645252
645254
645359
645508
645573
645640
645774
645821
645874
646068
646214
646355
646396
646462
646535
646598
646687
646719
646719
646764
646780
646859
647123
647182
647204
647249
647349
647498
647664
647818
647919
647943
648115
648310
648393
648466
648482
648500
648520
648638
648703
648789
648965
648972
649369
649549
649581
649650
649740
649888
650041
650049
650166
650282
650366
650442
650571
650583
650608
650653
650694
650741
650774
651019
651034
651137
651149
651154
651310
651395
651405
651417
651455
651609
651615
651814
652007
652101
652123
652303
652372
652398
652443
652586
652606
652623
652708
652808
652968
653035
653053
653244
653328
653473
653607
653731
654170
654195
654492
654611
654667
654686
654717
654841
654947
655020
655036
655124
655196
655250
655378
655405
655544
655689
655707
655801
656162
656726
656785
656864
656942
657044
657055
657084
657115
657142
657142
657151
657157
657277
657377
657409
657671
657677
657902
657955
658146
658319
658331
658348
658431
658448
658603
658749
658769
659020
659198
659242
659256
659257
659391
659394
659418
659550
659637
659793
660154
660235
660359
660515
660598
660678
660862
660920
661088
661230
661304
661371
661819
661985
662052
662098
662152
662288
662304
662598
662688
662708
662757
663092
663127
663281
663329
663465
663496
663516
663567
663603
663756
663812
663872
663996
664002
664393
664578
664646
664751
664894
665126
665208
665358
665366
665411
665456
665626
665676
665789
665856
665893
665915
665933
666400
666429
666456
666677
666681
666689
666797
666814
666874
666990
667213
667284
667752
667761
667816
667883
668001
668012
668149
668152
668264
668316
668401
668433
668466
668673
668830
668920
669100
669127
669251
669261
669324
669338
669467
669564
669741
669801
669916
669931
670015
670176
670179
670286
670321
670339
670414
670421
670714
670749
670828
671015
671058
671155
671185
671228
671295
671358
671919
671955
672071
672094
672424
672544
672546
672619
672643
672767
672774
673122
673154
673298
673338
673343
673805
674080
674434
674457
674608
674681
674874
674968
675044
675132
675156
675213
675320
675340
675391
675400
675441
675510
675568
675769
675781
675872
676068
676140
676341
676512
676646
676674
676676
676706
676710
676765
676874
676926
677035
677057
677146
677221
677361
677378
677382
677446
677500
677526
677765
677770
677783
677885
677942
677954
678206
678367
678559
678598
678608
678654
678745
678756
678821
678836
678892
678928
678936
679166
679338
679502
679583
679858
679900
679974
680026
680042
680127
680140
680198
680256
680262
680285
680352
680422
680455
680490
680577
680649
680685
680859
680897
680934
681036
681308
681725
681775
681803
682080
682208
682229
682306
682326
682394
682484
682502
682521
682527
682819
682867
682962
682993
683116
683164
683425
683461
683465
683532
683668
683726
683753
683877
684018
684062
684063
684072
684178
684292
684417
684468
684721
684767
684905
685043
685121
685146
685147
685160
685278
685769
685871
685914
685994
686031
686187
686370
686380
686442
686472
686599
686613
686661
686680
686720
686811
686828
686840
686950
687020
687045
687141
687143
687207
687317
687325
687450
687516
687530
687627
687635
687749
687776
687846
687945
687955
687996
688033
688242
688466
688571
688591
688745
688781
688856
689087
689151
689337
689398
689526
689845
689863
689872
689875
690129
690292
690296
690413
690456
690567
690611
690650
690717
690732
690755
690814
690861
690914
690921
691306
691343
691393
691623
691644
691649
691672
691849
691851
691953
692011
692173
692174
692292
692507
692573
692609
692621
692817
692940
692943
693212
693286
693366
693456
693787
693847
694219
694248
694427
694652
694733
694749
694894
695015
695059
695180
695289
695697
695704
695714
695724
695742
695807
695871
695891
695926
695961
696009
696054
696067
696099
696230
696384
696629
696721
696795
696957
697055
697284
697389
697434
697504
697735
697766
697848
698004
698228
698401
698535
698642
698718
698734
698745
698888
698943
699108
699359
699370
699507
699752
699774
699801
700234
700423
700781
700943
701001
701025
701052
701054
701137
701177
701274
701395
701409
701494
701502
701504
701626
701823
701877
702016
702414
702462
702530
702605
702687
702835
703034
703040
703261
703434
703467
703468
703478
703520
703815
703896
703942
704065
704077
704158
704219
704222
704303
704309
704322
704344
704741
704808
704811
704831
705152
705180
705356
705383
705443
705534
705693
705722
705754
705818
705830
705997
706071
706089
706158
706164
706281
706393
706516
706606
706759
706773
706794
706878
706977
707626
708106
708139
708366
708394
708437
708458
708503
708523
708569
708818
708855
709202
709437
709507
709617
710034
710169
710189
710357
710415
710554
710596
710671
710730
710912
711027
711081
711105
711152
711202
711273
711405
711420
711474
711478
711482
711526
711702
711709
711833
711863
711879
711937
711998
712003
712150
712251
712308
712333
712353
712647
712657
712786
713020
713117
713155
713202
713256
713419
713487
713570
713697
713718
713768
714037
714104
714329
714473
714615
714721
714809
714829
714870
714911
714949
714999
715261
715361
715566
715664
715693
715701
715709
715773
715815
715942
716068
716326
716505
716690
717143
717507
717586
718058
718165
718251
718275
718448
718452
718467
718511
718623
718641
718684
718738
718749
718884
718928
718970
719084
719461
719481
719563
719573
719617
719698
719812
719911
719942
720028
720050
720266
720417
720426
720740
720860
720985
720990
721039
721043
721049
721147
721272
721350
721447
721513
721639
721650
721713
721721
721806
721907
721926
722206
722256
722322
722499
722527
722531
722595
722599
722671
722732
722928
723038
723420
723499
723579
723769
723813
723880
724029
724272
724301
724396
724429
724462
724538
724659
724675
724724
724840
724856
724881
724909
725039
725047
725053
725097
725266
725418
725502
725643
725714
725740
725769
725941
726144
726259
726332
726361
726409
726514
726568
726700
726754
726896
726899
727127
727232
727273
727278
727357
727564
727620
727732
727802
727892
728020
728092
728213
728246
728283
728339
728534
728570
728590
728667
728839
729147
729510
729539
729553
729610
729695
729808
729855
729913
730023
730302
730455
730517
730623
730654
730755
730783
730853
730874
730929
731177
731501
731518
731599
731664
731894
731953
732189
732214
732237
732397
732416
732502
732552
732577
732618
732661
732788
732821
732840
732926
732929
733030
733161
733171
733245
733254
733435
733493
733519
733533
733721
733843
733963
734084
734084
734228
734336
734584
734735
734849
735060
735138
735268
735641
735694
735726
735781
736176
736262
736273
736295
736387
736563
736802
736810
736998
737111
737265
737371
737413
737563
737618
737640
737706
737858
737886
738075
738102
738216
738239
738332
738349
738505
738606
738626
738695
738851
739168
739220
739471
739564
739618
739641
739688
739907
740000
740042
740131
740326
740385
740620
740755
740762
740923
741013
741172
741291
741324
741329
741614
741643
741673
741681
741872
741943
741956
742057
742119
742129
742240
742287
742290
742307
742332
742415
742510
742691
742936
742950
742977
743024
743168
743265
743359
743527
743601
743785
744074
744289
744383
744449
744560
744651
744982
745200
745283
745369
745370
745477
745688
745725
745745
745811
745995
746002
746006
746130
746374
746392
747001
747131
747394
747498
747565
747643
747852
747937
748028
748124
748311
748411
748419
748498
748569
748728
748746
749103
749152
749329
749531
749540
749592
749808
750125
750205
750291
750527
750590
750594
750676
750720
750775
750956
750977
751065
751066
751076
751119
751133
751243
751277
751346
751347
751482
751486
751699
751997
752038
752155
752363
752380
752537
752748
752845
752949
752949
752954
753014
753164
753320
753465
753477
753659
753893
753902
754134
754185
754219
754343
754426
754450
754496
754523
754652
754736
754969
755351
755512
755600
755707
756121
756571
756645
756712
756782
756821
757237
757545
757701
757709
757809
757894
757945
758047
758243
758407
758411
758495
758577
758618
758674
759420
759462
759613
759627
759688
759845
760104
760157
760163
760361
760482
760761
761092
761152
761194
761349
761367
761389
761503
761561
761600
761675
761903
761945
761956
762008
762034
762319
762413
762667
762761
762790
762813
762909
763105
763352
763788
763868
764145
764188
764232
764376
764427
764495
764651
764906
764911
765081
765087
765090
765106
765208
765209
765223
765351
765428
765628
765671
765826
765942
766276
766308
766352
766403
766489
766494
766567
766584
766681
766988
767100
767153
767286
767374
767825
767922
768021
768130
768195
768224
768250
768327
768382
768477
768580
768737
768923
769159
769193
769274
769423
769475
769536
769685
769714
769838
769880
769881
769933
769946
770148
770320
770435
770439
770469
770487
770599
770735
770897
770900
770917
771053
771060
771092
771430
771631
771638
771643
771807
771809
771849
771918
771947
772048
772068
772084
772223
772284
772314
772375
772450
772469
772656
772662
772682
772899
772973
773084
773105
773119
773214
773394
773496
773513
773568
773571
773574
773650
773739
773770
773809
773912
773957
773974
774049
774050
774063
774328
774353
774437
774439
774454
774487
774533
774751
774800
774889
774939
775152
775210
775232
775296
775596
775666
775761
775824
775889
775919
776547
776604
776691
776807
776909
776959
777058
777214
777528
777542
777719
778024
778026
778228
778319
778374
778546
778621
778640
778921
778976
778987
779130
779270
779299
779444
779552
779818
780109
780115
780181
780401
780413
780439
780441
780696
780714
780736
780783
780862
780873
780891
780985
781167
781333
781350
781380
781708
781822
781899
782037
782101
782218
782424
782495
782781
783088
783107
783171
783190
783193
783197
783215
783223
783455
783585
783618
783653
783662
783890
784003
784064
784081
784187
784213
784295
784365
784398
784435
784555
784563
784602
784924
784944
785029
785146
785259
785344
785461
785613
785893
785931
786094
786412
786488
786621
786669
786817
786836
786848
786994
787037
787098
787180
787233
787287
787441
787612
787666
787679
787785
787807
787864
787903
787914
787947
787952
787985
788119
788178
788206
788246
788254
788435
788573
788643
788772
788781
788841
788899
788969
788978
789008
789412
789428
789491
789730
789935
789944
790112
790198
790204
790420
790469
790477
790648
790650
790741
790761
790816
790840
790972
791058
791081
791225
791302
791323
791410
791454
791604
791778
791831
791848
791939
791976
792247
792255
792264
792265
792477
792685
792713
792718
792942
793011
793152
793183
793205
793220
793257
793375
793394
793475
793598
793629
793645
793675
794042
794082
794372
794425
794548
794680
794723
794907
795024
795099
795161
795268
795591
795767
795769
795921
795984
796001
796058
796201
796216
796396
796704
796875
797779
797817
797895
798100
798118
798347
798361
798430
798676
798766
799178
799268
799533
799574
799716
799777
799912
800131
800348
800376
800543
800645
800716
800844
800926
801037
801059
801072
801084
801253
801438
801550
801582
801722
801745
801755
801762
801779
801791
801944
802134
802155
802180
802316
802332
802354
802422
802690
802949
803114
803125
803326
803341
803465
803490
803562
803709
803867
803874
803984
804003
804181
804297
804314
804690
804845
804848
804884
805168
805283
805474
805735
805735
806051
806089
806163
806288
806443
806461
806765
806909
806948
807065
807166
807306
807310
807334
807375
807376
807381
807500
807585
807612
807612
807620
807944
808122
808369
808377
808700
808894
808910
808920
808992
809087
809169
809249
809330
809361
809544
809635
809662
809668
809870
810007
810063
810182
810215
810387
810417
810557
810649
810776
810785
810912
811017
811111
811143
811249
811276
811401
811469
811539
811653
811721
811905
811982
812163
812268
812350
812392
812646
812937
813153
813164
813281
813305
813323
813348
813370
813738
813785
813940
814020
814293
814293
814460
814592
814666
814912
814990
815028
815308
815319
815425
815551
815650
815668
815774
815785
816000
816005
816006
816282
816384
816462
816500
816563
816633
816673
816727
816803
817023
817104
817106
817125
817237
817265
817281
817304
817346
817357
817385
817399
817574
817580
818330
818414
818554
818639
818804
818896
819180
819306
819532
819540
819541
819543
819548
819707
819800
819901
819986
820018
820100
820185
820191
820291
820333
820516
820521
820634
820804
820829
820854
820858
821000
821057
821261
821264
821467
821691
821697
821716
821959
821960
822209
822291
822501
822647
822759
822838
822897
822930
823142
823190
823224
823272
823308
823687
823882
823985
824015
824023
824227
824679
824704
824849
824933
825209
825301
825332
825401
825426
825587
825613
825704
825862
826181
826204
826211
826340
826684
826831
826897
826900
826977
826999
827288
827306
827383
827390
827413
827452
827461
827612
827673
827863
827927
828064
828136
828143
828436
828554
828875
828878
829063
829114
829130
829164
829173
829174
829214
829621
829654
829694
829827
829957
830263
830444
830508
830586
830659
830759
830781
830789
830795
830903
831261
831453
831622
831662
831696
832387
832407
832486
832515
832589
832712
832713
832717
833112
833246
833295
833297
833328
833344
833391
833619
833789
833917
834019
834036
834050
834090
834224
834360
834429
834553
834707
834823
834879
834928
834957
834994
835103
835276
835282
835296
835322
835386
835425
835432
835510
835542
835839
835840
835858
835872
836034
836121
836256
836598
836793
836798
836827
836936
836945
836975
837081
837096
837262
837418
837441
837454
837554
837598
837606
837619
837633
837655
837835
837909
837952
837983
837997
838367
838508
838668
838815
838828
838996
839068
839145
839157
839282
839409
839488
839625
839723
839911
839923
840158
840374
840435
840499
840847
840929
840953
841152
841223
841314
841499
841842
841890
841927
841979
842271
842409
842450
842705
842812
842866
842914
842950
842974
843309
843507
843579
843831
843881
843957
843976
844229
844309
844383
844400
844427
844446
844544
844653
844777
844848
845030
845064
845123
845126
845480
845484
845558
845560
845599
845641
846082
846222
846359
846410
846453
846575
846577
846644
846651
846716
846825
846943
847307
847313
847385
847451
847597
847948
848399
848467
848623
848648
848895
848990
849086
849216
849525
849559
849666
849740
849790
850138
850181
850420
850797
850847
850857
850975
850992
851088
851564
851701
851736
851765
852032
852137
852209
852230
852232
852352
852385
852581
852697
852702
852879
853010
853166
853352
853458
853586
853703
853716
853758
853860
853891
853917
854134
854160
854430
854465
854650
854693
854929
855034
855347
855489
855495
855583
855675
855676
855713
855782
855842
855868
856024
856030
856275
856418
856582
856819
856843
857054
857170
857293
857413
857458
857462
857604
857732
857916
858205
858332
858352
858385
858402
858418
858452
858563
858586
858634
858676
858721
858728
858875
859134
859212
859382
859426
859559
859614
859783
859796
859819
859829
859857
859934
859964
859991
860006
860185
860203
860346
860418
860479
860737
860763
860866
860870
861072
861148
861243
861444
861456
861491
861496
861540
861744
861991
862028
862035
862062
862095
862135
862273
862301
862532
862544
862685
862742
862776
862829
862830
862906
862947
863068
863095
863223
863273
863326
863336
863355
863424
863432
863561
863728
863819
863904
864019
864078
864176
864199
864267
864410
864668
865005
865179
865442
865694
865718
865726
865868
865889
865920
866028
866418
866420
866446
866559
866601
866631
866696
866710
866723
866843
867094
867194
867239
867265
867294
867315
867386
867387
867543
867618
867845
868145
868199
868222
868252
868278
868286
868355
868392
868474
868538
868570
868571
868571
868781
868944
869376
869467
869478
869619
869745
869866
869902
870114
870269
870636
870934
871058
871342
871431
871517
871583
871913
871988
872209
872264
872321
872424
872457
872493
872532
872605
872795
872963
872978
873119
873210
873392
873421
873599
873626
873719
873736
873773
873889
874052
874083
874385
874488
874513
874832
875007
875112
875255
875306
875611
875722
875868
876016
876060
876068
876073
876157
876368
876369
876380
876381
876392
876524
876615
876645
876649
876664
876697
876935
877129
877188
877278
877293
877312
877338
877416
877437
877444
877637
877827
878354
878391
878512
878599
878626
878659
878785
878818
878879
878880
879031
879081
879189
879245
879275
879346
879375
879556
879566
879707
880046
880100
880104
880217
880235
880357
880495
880603
880926
880983
881057
881213
881277
881294
881647
881702
881717
881801
882196
882232
882424
882440
882546
882556
882635
882635
882706
882786
882826
882934
882979
883243
883296
883310
883340
883780
883864
884028
884047
884210
884308
884349
884354
884455
884509
884750
884884
884885
884908
884978
885048
885077
885122
885157
885198
885654
885683
885747
886178
886267
886407
886473
886474
886560
886715
886728
886759
886886
887071
887102
887229
887302
887308
887309
887338
887409
887427
887455
887561
887573
887736
887785
887789
887805
887838
887842
887847
887857
887877
888085
888450
888532
888606
888857
889019
889114
889302
889386
889495
889620
889622
889680
889697
889872
890015
890047
890068
890088
890098
890176
890239
890317
890322
890367
890423
890465
890613
890682
891006
891010
891107
891171
891360
891414
891416
891645
891690
891734
891849
892018
892021
892120
892178
892218
892230
892263
892287
892456
892692
892781
893117
893164
893225
893324
893334
893340
893432
893464
893601
893717
893738
893838
893868
893919
894225
894242
894334
894335
894482
894504
894629
894729
895017
895031
895047
895126
895165
895464
895510
895592
895696
895736
895810
895814
896070
896155
896175
896198
896236
896305
896417
896532
896780
896893
897005
897071
897110
897114
897121
897208
897275
897366
897375
897382
897403
897538
897604
897624
897695
897772
897785
897820
897994
898005
898023
898023
898119
898166
898175
898457
898560
898828
898840
898982
898984
899025
899025
899072
899099
899123
899133
899145
899222
899250
899301
899333
899446
899531
899619
899751
899987
900205
900245
900629
900682
900708
900717
900875
900882
900919
901105
901372
901404
901602
901669
901737
901853
901854
901884
901895
902022
902052
902151
902161
902221
902247
902265
902380
902592
902796
903260
903261
903411
903642
903764
903895
903954
904022
904229
904452
904580
904826
905000
905076
905267
905275
905411
905435
905590
905621
905717
906002
906041
906136
906177
906266
906400
906501
906647
906765
906889
907263
907355
907382
907386
907514
907602
907879
907902
907995
908283
908498
908563
908670
908683
908833
908976
908986
909021
909104
909291
909380
909425
909455
909462
909613
909753
909801
910006
910090
910174
910251
910519
910524
910761
910909
910984
911063
911136
911164
911306
911421
911450
911463
911482
911690
911803
911854
912104
912209
912322
912333
912381
912611
912613
912627
912646
912682
912794
912909
912994
913154
913229
913343
913587
913720
914094
914157
914257
914391
914425
914589
914602
914908
914966
915046
915114
915121
915135
915215
915425
915467
915473
915491
915629
915637
915638
915880
915996
916003
916054
916196
916285
916503
916519
916755
916776
916813
916854
916989
917161
917351
917418
917494
917602
917892
917915
917930
918090
918270
918531
918795
918946
919035
919247
919298
919435
919620
919748
919847
919924
920026
920108
920204
920332
920337
920403
920408
920696
920721
920722
920799
920808
920868
921019
921199
921203
921339
921647
921686
921806
922064
922079
922081
922094
922240
922274
922337
922454
922641
922688
922729
922918
923138
923163
923405
923692
923827
924105
924179
924181
924192
924342
924389
924395
924451
924467
924570
924608
924711
924803
924832
925045
925083
925167
925190
925292
925388
925522
925797
926049
926329
926488
926641
926697
926905
926926
927026
927033
927101
927469
927708
927730
927840
927918
927943
928050
928370
928403
928921
928940
929132
929238
929429
929468
929514
929647
929684
929928
930206
930224
930376
930567
930732
930793
930855
930975
931081
931297
931371
931464
931632
932045
932302
932345
932432
932484
932537
932560
932572
932678
932752
932757
932805
932929
933266
933276
933444
933713
933883
933931
934019
934078
934102
934425
934469
934474
934559
934576
934612
934618
934652
934718
935090
935220
935223
935277
935529
935641
935676
935863
935911
935928
936105
936137
936276
936347
936417
936464
936496
936616
936777
936853
936953
937051
937062
937068
937121
937125
937138
937211
937239
937242
937378
937417
937652
937692
937725
937791
938137
938148
938506
938547
938635
938661
938730
938738
938750
938905
938906
938962
938999
939001
939018
939184
939353
939415
939525
939562
939814
939862
939866
940023
940050
940164
940171
940233
940748
940874
940882
941110
941123
941309
941545
941547
941625
941673
941727
941877
941896
941968
942021
942062
942127
942206
942263
942267
942361
942501
942683
942808
942983
942985
943174
943193
943208
943309
943425
943618
943645
943664
943717
943740
943743
943747
943815
943827
943877
944241
944395
944659
944791
944804
944850
945012
945018
945019
945083
945127
945133
945145
945172
945234
945267
945333
945556
945582
945712
945757
945805
945940
946002
946068
946086
946099
946214
946353
946476
946478
946484
946580
946647
946671
946877
946926
946930
946948
947177
947184
947301
947335
947435
947466
947645
947727
947731
948018
948043
948112
948113
948219
948358
948506
948788
948894
949169
949476
949543
949770
949797
949841
949862
949870
950049
950102
950197
950201
950243
950353
950385
950584
950589
950642
950736
950762
950787
950889
951029
951097
951128
951368
951486
951534
951564
951652
951672
951926
951971
952095
952127
952206
952334
952411
952435
952578
952651
952750
952775
952807
952809
953159
953309
953336
953419
953421
953425
953429
953587
953972
954086
954425
954589
954788
954794
954950
954998
955026
955068
955099
955202
955330
955379
955382
955592
955633
955697
955815
955880
955882
956010
956035
956086
956171
956278
956329
956334
956347
956464
956479
956511
956522
956817
956943
956984
957047
957059
957133
957211
957292
957409
957513
957607
957670
957694
957791
957894
957948
958048
958181
958261
958439
958659
958801
958824
958917
958919
958939
958949
959022
959147
959204
959239
959580
959604
959682
959741
959941
959978
960015
960055
960167
960280
960314
960592
960764
960779
960798
961100
961183
961192
961272
961281
961365
961584
961744
961855
962034
962088
962282
962341
962393
962621
962856
962880
962884
963085
963170
963200
963263
963316
963520
963704
963789
963882
964007
964055
964105
964187
964674
964940
965015
965040
965312
965336
965557
965616
965626
965634
965818
965827
965912
966031
966040
966258
966308
966355
966638
966641
966688
966734
966800
966920
966950
966985
966990
967086
967119
967154
967229
967288
967469
967483
967528
967565
967605
967742
967776
967843
967966
967981
968011
968021
968115
968129
968143
968194
968210
968229
968245
968409
968458
968538
968777
968925
969036
969058
969184
969214
969300
969412
969465
969603
969760
969793
969864
969903
969964
970017
970039
970039
970153
970218
970345
970647
970663
970714
970734
970747
970841
970892
970955
970994
971012
971044
971045
971084
971109
971593
971593
971689
971761
971899
972006
972041
972135
972228
972389
972416
972474
972572
972601
972743
972882
972918
973041
973158
973192
973291
973522
973545
973613
973615
973656
974033
974114
974329
974401
974605
974639
974677
974708
974755
974826
975274
975332
975374
975382
975415
975457
975598
975613
975618
975620
975756
975912
975934
976102
976191
976191
976449
976463
976633
976893
977022
977237
977265
977329
977366
977391
977395
977974
977984
978086
978144
978357
978566
978594
978660
978747
979038
979097
979206
979217
979235
979382
979388
979392
979616
979672
979723
979908
980031
980057
980132
980355
980484
980635
980718
980730
980801
980843
980918
980938
980977
981016
981271
981344
981374
981631
982062
982105
982456
982585
982591
982792
982912
982923
983019
983342
983421
983585
983624
983644
983724
983748
983846
983972
984051
984059
984104
984138
984166
984225
984281
984424
984635
984642
984703
984781
984793
984942
984953
984972
985254
985346
985364
985365
985389
985400
985602
985691
985702
985931
985967
986000
986016
986343
986410
986415
986461
986538
986574
986778
986810
986891
986960
986997
987163
987243
987465
987492
987541
987571
987581
987623
987791
988038
988069
988446
988663
988744
988751
988801
988876
988912
989033
989145
989205
989236
989244
989319
989409
989417
989500
989539
989563
989708
989753
989856
989857
990078
990090
990333
990348
990821
990866
990879
990905
990920
991241
991300
991361
991428
991476
991493
991575
991637
991684
991778
991855
992051
992087
992159
992282
992298
992371
992475
992587
992706
992710
992778
992809
992889
992925
993232
993291
993533
993583
993840
993969
994017
994106
994189
994309
994317
994345
994423
994472
994914
994933
994988
995038
995046
995077
995224
995406
995506
995539
995582
995603
995858
995877
995888
996010
996047
996186
996226
996314
996331
996355
996730
996741
996836
996848
996849
996922
997014
997046
997088
997179
997232
997281
997304
997467
997483
997494
997570
997611
997642
997733
997758
997805
997869
997877
997938
997943
998111
998274
998405
998469
998751
998822
999147
999169
999216
999324
999343
999399
999425
999455
999471
999536
999634
999716
