4261
10409
11729
19038
30106
30982
31195
32631
39314
40996
42014
46391
46462
52623
58505
72390
72880
77642
78188
79013
81517
81731
83010
84685
91224
95190
99716
102543
103618
110817
117565
126891
133008
133889
135876
141705
148026
148907
149073
163901
179755
184117
188649
195778
196172
200209
203631
209111
209812
212484
217099
218110
221809
232536
236697
242399
242728
243950
246934
246939
247505
254104
258146
263718
267674
275013
276233
286203
293385
299263
300628
301802
304128
306849
313958
314217
318347
319137
326183
328090
335116
343060
355225
355355
356023
363011
372580
383123
385834
386076
393912
402591
402995
426731
426960
433838
436613
440297
453675
471514
473804
474202
475680
480470
481357
481879
483915
484939
484950
486589
489054
496172
496556
500345
502396
511533
519563
520787
521772
526241
529564
532385
547590
551786
551813
552498
556239
557653
562490
562608
562618
567530
568332
574966
575667
576697
576993
585490
592921
593625
597090
600105
603935
611050
614545
621438
629382
630039
639601
640301
642619
659191
661937
663196
669667
669879
674660
678395
681231
681695
682764
683041
691170
693897
696799
697456
702713
708103
714258
718424
718947
720617
721135
724412
725131
727214
731160
731167
731345
731806
732250
739807
740477
744283
747847
747896
755733
756839
760747
777960
779671
784086
784792
787001
789315
799336
800546
803403
815680
815906
816557
818762
830063
831341
835286
839310
846888
857431
861017
862185
867438
868103
868715
875570
878982
880416
883605
888003
888101
888207
888933
893469
893489
895635
897163
899206
902228
903149
906288
907180
907736
912569
913432
917831
920092
921830
933543
934835
937488
938808
940550
948945
951949
965682
966795
971821
971834
975655
977559
991811
