3100
5201
35041
37442
61106
65941
71243
77936
87328
109294
131662
154259
159350
167301
170996
197706
200417
204283
213839
231718
232233
249944
252065
278700
313243
315116
317991
327464
335870
338207
352692
355549
357322
369386
380740
391365
399134
416878
428635
433439
436928
441108
446108
447501
455326
459169
468097
472443
490421
520694
545454
555040
565339
580284
585224
597358
603511
614483
615464
616487
623633
632779
634140
645689
652030
657415
666766
670689
673894
687034
695049
698657
708590
716137
739044
739262
747060
751026
754554
759544
762436
794477
806582
807751
815514
831849
882810
906261
909089
914856
923035
927646
937851
938405
943820
955909
972407
975803
984456
992396
